date,FELONY,MISDEMEANOR,VIOLATION,total
2006-01-01,861,1062,231,2154
2006-01-02,401,632,179,1212
2006-01-03,473,721,187,1381
2006-01-04,493,861,175,1529
2006-01-05,522,869,208,1599
2006-01-06,580,869,209,1658
2006-01-07,395,767,187,1349
2006-01-08,415,728,189,1332
2006-01-09,534,716,176,1426
2006-01-10,496,879,201,1576
2006-01-11,484,843,212,1539
2006-01-12,533,856,197,1586
2006-01-13,601,932,216,1749
2006-01-14,427,695,169,1291
2006-01-15,356,661,156,1173
2006-01-16,360,654,168,1182
2006-01-17,484,774,191,1449
2006-01-18,499,800,166,1465
2006-01-19,534,820,196,1550
2006-01-20,562,901,192,1655
2006-01-21,457,825,188,1470
2006-01-22,360,696,185,1241
2006-01-23,484,790,195,1469
2006-01-24,493,840,181,1514
2006-01-25,524,790,194,1508
2006-01-26,433,744,193,1370
2006-01-27,501,853,180,1534
2006-01-28,428,738,163,1329
2006-01-29,386,661,173,1220
2006-01-30,450,722,213,1385
2006-01-31,414,698,183,1295
2006-02-01,597,972,200,1769
2006-02-02,470,879,209,1558
2006-02-03,523,889,206,1618
2006-02-04,409,794,182,1385
2006-02-05,341,679,186,1206
2006-02-06,436,800,197,1433
2006-02-07,427,833,189,1449
2006-02-08,432,838,183,1453
2006-02-09,459,754,176,1389
2006-02-10,548,849,200,1597
2006-02-11,430,691,161,1282
2006-02-12,206,374,141,721
2006-02-13,329,550,149,1028
2006-02-14,403,709,187,1299
2006-02-15,453,918,214,1585
2006-02-16,475,842,192,1509
2006-02-17,568,931,219,1718
2006-02-18,376,746,148,1270
2006-02-19,356,619,144,1119
2006-02-20,357,693,156,1206
2006-02-21,456,828,162,1446
2006-02-22,435,773,165,1373
2006-02-23,449,738,176,1363
2006-02-24,391,749,160,1300
2006-02-25,381,733,158,1272
2006-02-26,321,614,143,1078
2006-02-27,425,679,178,1282
2006-02-28,489,767,187,1443
2006-03-01,608,962,211,1781
2006-03-02,416,750,180,1346
2006-03-03,497,847,175,1519
2006-03-04,418,778,154,1350
2006-03-05,358,661,148,1167
2006-03-06,445,802,207,1454
2006-03-07,449,829,197,1475
2006-03-08,458,838,217,1513
2006-03-09,487,832,213,1532
2006-03-10,543,891,225,1659
2006-03-11,452,822,202,1476
2006-03-12,357,652,178,1187
2006-03-13,496,772,193,1461
2006-03-14,485,817,210,1512
2006-03-15,479,889,196,1564
2006-03-16,494,816,205,1515
2006-03-17,499,885,191,1575
2006-03-18,399,789,177,1365
2006-03-19,362,655,163,1180
2006-03-20,459,827,198,1484
2006-03-21,424,843,189,1456
2006-03-22,472,834,185,1491
2006-03-23,458,862,210,1530
2006-03-24,526,810,181,1517
2006-03-25,424,801,164,1389
2006-03-26,363,707,156,1226
2006-03-27,465,814,220,1499
2006-03-28,475,831,194,1500
2006-03-29,466,822,177,1465
2006-03-30,466,798,174,1438
2006-03-31,472,802,199,1473
2006-04-01,557,1005,194,1756
2006-04-02,360,720,205,1285
2006-04-03,396,760,220,1376
2006-04-04,475,854,183,1512
2006-04-05,455,855,187,1497
2006-04-06,484,878,213,1575
2006-04-07,556,868,206,1630
2006-04-08,425,765,168,1358
2006-04-09,333,717,170,1220
2006-04-10,450,875,200,1525
2006-04-11,438,830,172,1440
2006-04-12,469,940,208,1617
2006-04-13,472,891,194,1557
2006-04-14,446,815,171,1432
2006-04-15,438,829,205,1472
2006-04-16,354,638,189,1181
2006-04-17,441,720,178,1339
2006-04-18,446,867,185,1498
2006-04-19,456,832,174,1462
2006-04-20,453,898,199,1550
2006-04-21,511,787,193,1491
2006-04-22,411,752,140,1303
2006-04-23,353,653,161,1167
2006-04-24,456,739,167,1362
2006-04-25,440,807,161,1408
2006-04-26,471,840,172,1483
2006-04-27,496,872,205,1573
2006-04-28,535,930,213,1678
2006-04-29,456,759,196,1411
2006-04-30,358,736,185,1279
2006-05-01,626,961,230,1817
2006-05-02,503,837,193,1533
2006-05-03,509,847,219,1575
2006-05-04,480,861,225,1566
2006-05-05,562,1033,254,1849
2006-05-06,441,841,201,1483
2006-05-07,407,747,207,1361
2006-05-08,452,712,187,1351
2006-05-09,482,833,224,1539
2006-05-10,519,925,199,1643
2006-05-11,543,854,175,1572
2006-05-12,500,828,214,1542
2006-05-13,410,842,189,1441
2006-05-14,417,660,161,1238
2006-05-15,488,787,214,1489
2006-05-16,459,768,165,1392
2006-05-17,474,878,195,1547
2006-05-18,538,803,226,1567
2006-05-19,486,738,198,1422
2006-05-20,467,822,221,1510
2006-05-21,369,725,195,1289
2006-05-22,481,766,209,1456
2006-05-23,509,915,201,1625
2006-05-24,486,838,205,1529
2006-05-25,518,876,214,1608
2006-05-26,546,852,201,1599
2006-05-27,443,812,181,1436
2006-05-28,415,806,182,1403
2006-05-29,361,660,167,1188
2006-05-30,492,890,247,1629
2006-05-31,529,781,198,1508
2006-06-01,633,1037,279,1949
2006-06-02,502,823,200,1525
2006-06-03,422,738,169,1329
2006-06-04,383,769,220,1372
2006-06-05,517,763,213,1493
2006-06-06,471,899,220,1590
2006-06-07,482,718,172,1372
2006-06-08,432,829,194,1455
2006-06-09,546,922,204,1672
2006-06-10,466,796,196,1458
2006-06-11,388,735,194,1317
2006-06-12,467,867,227,1561
2006-06-13,469,899,190,1558
2006-06-14,535,921,209,1665
2006-06-15,564,882,211,1657
2006-06-16,516,890,220,1626
2006-06-17,434,812,202,1448
2006-06-18,395,714,230,1339
2006-06-19,440,841,213,1494
2006-06-20,532,1037,237,1806
2006-06-21,516,968,247,1731
2006-06-22,510,930,212,1652
2006-06-23,589,930,204,1723
2006-06-24,447,761,176,1384
2006-06-25,422,760,198,1380
2006-06-26,503,799,187,1489
2006-06-27,479,846,200,1525
2006-06-28,479,916,215,1610
2006-06-29,499,765,163,1427
2006-06-30,538,792,176,1506
2006-07-01,622,972,259,1853
2006-07-02,400,750,200,1350
2006-07-03,436,753,196,1385
2006-07-04,439,846,220,1505
2006-07-05,527,934,201,1662
2006-07-06,471,883,174,1528
2006-07-07,582,875,191,1648
2006-07-08,474,775,203,1452
2006-07-09,427,745,212,1384
2006-07-10,486,863,232,1581
2006-07-11,482,850,210,1542
2006-07-12,484,811,196,1491
2006-07-13,493,880,192,1565
2006-07-14,519,876,222,1617
2006-07-15,464,835,195,1494
2006-07-16,402,721,169,1292
2006-07-17,495,793,187,1475
2006-07-18,503,863,233,1599
2006-07-19,524,854,205,1583
2006-07-20,541,930,193,1664
2006-07-21,526,802,192,1520
2006-07-22,496,765,194,1455
2006-07-23,415,740,187,1342
2006-07-24,463,839,183,1485
2006-07-25,521,922,209,1652
2006-07-26,502,886,192,1580
2006-07-27,529,818,191,1538
2006-07-28,564,868,210,1642
2006-07-29,489,814,192,1495
2006-07-30,461,738,186,1385
2006-07-31,490,723,198,1411
2006-08-01,631,987,218,1836
2006-08-02,485,815,190,1490
2006-08-03,500,849,217,1566
2006-08-04,543,849,217,1609
2006-08-05,526,822,213,1561
2006-08-06,391,752,211,1354
2006-08-07,510,855,219,1584
2006-08-08,555,882,195,1632
2006-08-09,583,898,213,1694
2006-08-10,500,889,225,1614
2006-08-11,524,890,190,1604
2006-08-12,466,853,202,1521
2006-08-13,472,742,172,1386
2006-08-14,468,858,205,1531
2006-08-15,507,913,197,1617
2006-08-16,533,894,198,1625
2006-08-17,499,892,168,1559
2006-08-18,544,874,173,1591
2006-08-19,481,754,182,1417
2006-08-20,500,836,203,1539
2006-08-21,503,793,213,1509
2006-08-22,505,788,189,1482
2006-08-23,533,819,176,1528
2006-08-24,483,887,176,1546
2006-08-25,553,804,171,1528
2006-08-26,450,775,182,1407
2006-08-27,434,623,143,1200
2006-08-28,466,750,152,1368
2006-08-29,451,680,140,1271
2006-08-30,517,860,163,1540
2006-08-31,500,791,154,1445
2006-09-01,644,981,212,1837
2006-09-02,428,676,138,1242
2006-09-03,405,750,163,1318
2006-09-04,474,746,192,1412
2006-09-05,476,756,200,1432
2006-09-06,535,789,184,1508
2006-09-07,479,856,196,1531
2006-09-08,531,908,233,1672
2006-09-09,478,817,196,1491
2006-09-10,456,715,215,1386
2006-09-11,509,741,207,1457
2006-09-12,480,697,206,1383
2006-09-13,503,865,203,1571
2006-09-14,559,800,180,1539
2006-09-15,549,831,191,1571
2006-09-16,463,793,183,1439
2006-09-17,409,728,215,1352
2006-09-18,461,739,189,1389
2006-09-19,470,816,197,1483
2006-09-20,579,905,227,1711
2006-09-21,531,836,190,1557
2006-09-22,564,848,225,1637
2006-09-23,490,797,215,1502
2006-09-24,500,778,196,1474
2006-09-25,513,876,219,1608
2006-09-26,492,883,239,1614
2006-09-27,514,844,206,1564
2006-09-28,534,942,196,1672
2006-09-29,577,892,182,1651
2006-09-30,490,845,192,1527
2006-10-01,564,916,207,1687
2006-10-02,488,833,213,1534
2006-10-03,538,811,217,1566
2006-10-04,512,890,231,1633
2006-10-05,529,798,189,1516
2006-10-06,616,925,208,1749
2006-10-07,472,806,184,1462
2006-10-08,415,748,184,1347
2006-10-09,430,773,187,1390
2006-10-10,571,841,203,1615
2006-10-11,480,723,169,1372
2006-10-12,576,874,194,1644
2006-10-13,518,887,185,1590
2006-10-14,495,748,161,1404
2006-10-15,414,788,160,1362
2006-10-16,493,739,199,1431
2006-10-17,456,741,170,1367
2006-10-18,533,866,207,1606
2006-10-19,555,794,209,1558
2006-10-20,577,905,204,1686
2006-10-21,468,826,189,1483
2006-10-22,411,778,164,1353
2006-10-23,508,712,222,1442
2006-10-24,489,785,176,1450
2006-10-25,528,824,173,1525
2006-10-26,486,823,181,1490
2006-10-27,531,941,183,1655
2006-10-28,474,753,180,1407
2006-10-29,416,739,170,1325
2006-10-30,467,774,186,1427
2006-10-31,577,876,211,1664
2006-11-01,673,1093,244,2010
2006-11-02,498,758,198,1454
2006-11-03,558,837,185,1580
2006-11-04,395,772,187,1354
2006-11-05,413,630,169,1212
2006-11-06,488,800,189,1477
2006-11-07,457,671,177,1305
2006-11-08,444,734,145,1323
2006-11-09,502,879,209,1590
2006-11-10,542,926,217,1685
2006-11-11,497,813,189,1499
2006-11-12,416,695,165,1276
2006-11-13,500,722,185,1407
2006-11-14,446,828,204,1478
2006-11-15,547,861,223,1631
2006-11-16,484,785,177,1446
2006-11-17,564,847,206,1617
2006-11-18,466,740,177,1383
2006-11-19,409,658,139,1206
2006-11-20,455,789,184,1428
2006-11-21,490,814,173,1477
2006-11-22,520,788,157,1465
2006-11-23,328,508,129,965
2006-11-24,449,800,139,1388
2006-11-25,468,800,159,1427
2006-11-26,401,656,153,1210
2006-11-27,489,737,194,1420
2006-11-28,513,797,167,1477
2006-11-29,475,747,169,1391
2006-11-30,553,858,196,1607
2006-12-01,707,916,219,1842
2006-12-02,492,786,183,1461
2006-12-03,405,655,191,1251
2006-12-04,460,727,173,1360
2006-12-05,454,839,148,1441
2006-12-06,542,826,177,1545
2006-12-07,484,759,185,1428
2006-12-08,473,816,180,1469
2006-12-09,467,752,129,1348
2006-12-10,433,691,175,1299
2006-12-11,494,775,179,1448
2006-12-12,542,873,201,1616
2006-12-13,467,794,163,1424
2006-12-14,483,735,204,1422
2006-12-15,576,893,211,1680
2006-12-16,445,739,160,1344
2006-12-17,390,680,164,1234
2006-12-18,457,717,170,1344
2006-12-19,492,774,155,1421
2006-12-20,559,816,189,1564
2006-12-21,550,831,150,1531
2006-12-22,575,815,183,1573
2006-12-23,463,758,164,1385
2006-12-24,383,542,155,1080
2006-12-25,274,487,135,896
2006-12-26,400,704,148,1252
2006-12-27,459,729,145,1333
2006-12-28,475,760,144,1379
2006-12-29,491,767,142,1400
2006-12-30,420,715,143,1278
2006-12-31,414,604,132,1150
2007-01-01,864,1177,217,2258
2007-01-02,504,854,215,1573
2007-01-03,518,872,187,1577
2007-01-04,464,894,198,1556
2007-01-05,531,952,232,1715
2007-01-06,454,829,183,1466
2007-01-07,381,744,176,1301
2007-01-08,454,759,199,1412
2007-01-09,445,792,152,1389
2007-01-10,446,878,186,1510
2007-01-11,504,871,171,1546
2007-01-12,541,923,182,1646
2007-01-13,449,847,136,1432
2007-01-14,423,725,175,1323
2007-01-15,413,763,179,1355
2007-01-16,478,818,161,1457
2007-01-17,446,768,160,1374
2007-01-18,463,836,166,1465
2007-01-19,517,894,151,1562
2007-01-20,438,837,133,1408
2007-01-21,348,667,151,1166
2007-01-22,406,732,166,1304
2007-01-23,472,833,162,1467
2007-01-24,453,862,173,1488
2007-01-25,418,778,148,1344
2007-01-26,401,769,143,1313
2007-01-27,442,839,161,1442
2007-01-28,407,711,153,1271
2007-01-29,384,660,161,1205
2007-01-30,444,729,154,1327
2007-01-31,441,756,156,1353
2007-02-01,529,910,176,1615
2007-02-02,516,916,188,1620
2007-02-03,370,743,170,1283
2007-02-04,322,619,130,1071
2007-02-05,350,640,159,1149
2007-02-06,362,719,149,1230
2007-02-07,425,804,170,1399
2007-02-08,408,832,159,1399
2007-02-09,447,810,168,1425
2007-02-10,423,792,152,1367
2007-02-11,314,629,168,1111
2007-02-12,406,740,156,1302
2007-02-13,435,722,166,1323
2007-02-14,320,586,128,1034
2007-02-15,369,706,162,1237
2007-02-16,448,783,152,1383
2007-02-17,370,757,151,1278
2007-02-18,332,651,161,1144
2007-02-19,343,622,132,1097
2007-02-20,446,832,151,1429
2007-02-21,436,832,178,1446
2007-02-22,380,755,167,1302
2007-02-23,421,825,144,1390
2007-02-24,437,766,161,1364
2007-02-25,337,685,155,1177
2007-02-26,374,728,171,1273
2007-02-27,441,867,174,1482
2007-02-28,454,860,185,1499
2007-03-01,552,990,210,1752
2007-03-02,499,840,166,1505
2007-03-03,430,888,145,1463
2007-03-04,348,741,149,1238
2007-03-05,407,710,162,1279
2007-03-06,337,689,156,1182
2007-03-07,409,828,153,1390
2007-03-08,425,774,176,1375
2007-03-09,490,873,187,1550
2007-03-10,416,864,183,1463
2007-03-11,353,720,155,1228
2007-03-12,438,791,190,1419
2007-03-13,456,889,180,1525
2007-03-14,475,917,192,1584
2007-03-15,462,853,207,1522
2007-03-16,385,645,180,1210
2007-03-17,271,595,138,1004
2007-03-18,328,674,147,1149
2007-03-19,369,720,162,1251
2007-03-20,478,864,178,1520
2007-03-21,434,797,164,1395
2007-03-22,455,915,204,1574
2007-03-23,464,909,199,1572
2007-03-24,376,847,169,1392
2007-03-25,376,760,160,1296
2007-03-26,441,822,167,1430
2007-03-27,429,855,184,1468
2007-03-28,453,887,188,1528
2007-03-29,432,811,155,1398
2007-03-30,496,884,181,1561
2007-03-31,408,806,131,1345
2007-04-01,505,859,175,1539
2007-04-02,416,743,172,1331
2007-04-03,390,749,164,1303
2007-04-04,387,740,136,1263
2007-04-05,398,810,152,1360
2007-04-06,431,788,147,1366
2007-04-07,433,797,173,1403
2007-04-08,261,619,169,1049
2007-04-09,355,688,150,1193
2007-04-10,411,797,178,1386
2007-04-11,445,843,170,1458
2007-04-12,397,766,150,1313
2007-04-13,494,927,171,1592
2007-04-14,404,853,176,1433
2007-04-15,335,642,131,1108
2007-04-16,429,708,160,1297
2007-04-17,449,895,213,1557
2007-04-18,456,886,190,1532
2007-04-19,457,883,197,1537
2007-04-20,479,1000,231,1710
2007-04-21,419,799,191,1409
2007-04-22,362,774,179,1315
2007-04-23,390,856,199,1445
2007-04-24,455,910,206,1571
2007-04-25,477,852,197,1526
2007-04-26,465,899,188,1552
2007-04-27,527,822,195,1544
2007-04-28,426,928,186,1540
2007-04-29,360,778,170,1308
2007-04-30,446,817,230,1493
2007-05-01,566,1054,242,1862
2007-05-02,499,887,189,1575
2007-05-03,458,942,183,1583
2007-05-04,514,866,213,1593
2007-05-05,464,875,177,1516
2007-05-06,352,798,156,1306
2007-05-07,473,815,202,1490
2007-05-08,409,820,186,1415
2007-05-09,459,936,184,1579
2007-05-10,464,951,194,1609
2007-05-11,502,921,192,1615
2007-05-12,484,909,195,1588
2007-05-13,372,723,165,1260
2007-05-14,429,883,213,1525
2007-05-15,523,949,221,1693
2007-05-16,494,902,189,1585
2007-05-17,531,898,191,1620
2007-05-18,505,950,204,1659
2007-05-19,406,752,160,1318
2007-05-20,426,773,191,1390
2007-05-21,433,824,184,1441
2007-05-22,471,922,210,1603
2007-05-23,508,891,214,1613
2007-05-24,465,891,215,1571
2007-05-25,551,862,222,1635
2007-05-26,420,842,193,1455
2007-05-27,400,723,169,1292
2007-05-28,409,721,190,1320
2007-05-29,494,929,235,1658
2007-05-30,462,903,231,1596
2007-05-31,508,870,182,1560
2007-06-01,623,1080,250,1953
2007-06-02,465,891,195,1551
2007-06-03,419,678,171,1268
2007-06-04,407,742,191,1340
2007-06-05,503,985,229,1717
2007-06-06,513,933,194,1640
2007-06-07,426,885,198,1509
2007-06-08,541,900,201,1642
2007-06-09,444,800,180,1424
2007-06-10,400,814,209,1423
2007-06-11,458,808,228,1494
2007-06-12,491,886,220,1597
2007-06-13,520,885,219,1624
2007-06-14,499,900,196,1595
2007-06-15,538,947,209,1694
2007-06-16,431,821,202,1454
2007-06-17,380,763,214,1357
2007-06-18,469,839,221,1529
2007-06-19,472,903,184,1559
2007-06-20,468,929,226,1623
2007-06-21,474,865,190,1529
2007-06-22,489,876,169,1534
2007-06-23,496,952,191,1639
2007-06-24,421,816,184,1421
2007-06-25,490,828,186,1504
2007-06-26,459,885,197,1541
2007-06-27,449,926,189,1564
2007-06-28,447,796,211,1454
2007-06-29,527,844,187,1558
2007-06-30,475,813,193,1481
2007-07-01,549,924,217,1690
2007-07-02,451,754,204,1409
2007-07-03,516,888,194,1598
2007-07-04,431,818,192,1441
2007-07-05,473,884,175,1532
2007-07-06,499,854,175,1528
2007-07-07,479,831,182,1492
2007-07-08,419,732,180,1331
2007-07-09,424,757,169,1350
2007-07-10,468,901,208,1577
2007-07-11,482,852,178,1512
2007-07-12,525,890,177,1592
2007-07-13,500,934,182,1616
2007-07-14,464,862,203,1529
2007-07-15,385,809,186,1380
2007-07-16,477,822,179,1478
2007-07-17,443,907,183,1533
2007-07-18,478,813,195,1486
2007-07-19,486,783,212,1481
2007-07-20,546,963,195,1704
2007-07-21,488,892,202,1582
2007-07-22,455,777,199,1431
2007-07-23,416,697,183,1296
2007-07-24,476,952,219,1647
2007-07-25,505,949,203,1657
2007-07-26,512,875,188,1575
2007-07-27,538,937,196,1671
2007-07-28,511,900,165,1576
2007-07-29,429,779,156,1364
2007-07-30,495,812,186,1493
2007-07-31,521,917,220,1658
2007-08-01,699,1130,216,2045
2007-08-02,504,944,171,1619
2007-08-03,570,943,169,1682
2007-08-04,471,820,176,1467
2007-08-05,430,803,180,1413
2007-08-06,468,752,211,1431
2007-08-07,531,924,202,1657
2007-08-08,447,833,176,1456
2007-08-09,481,916,192,1589
2007-08-10,544,834,174,1552
2007-08-11,447,927,170,1544
2007-08-12,434,849,177,1460
2007-08-13,455,829,185,1469
2007-08-14,460,913,183,1556
2007-08-15,555,924,201,1680
2007-08-16,469,884,164,1517
2007-08-17,541,879,163,1583
2007-08-18,451,856,154,1461
2007-08-19,404,751,160,1315
2007-08-20,487,748,175,1410
2007-08-21,426,749,113,1288
2007-08-22,501,832,175,1508
2007-08-23,472,917,172,1561
2007-08-24,526,911,185,1622
2007-08-25,480,873,181,1534
2007-08-26,447,777,193,1417
2007-08-27,477,843,175,1495
2007-08-28,465,862,197,1524
2007-08-29,419,882,196,1497
2007-08-30,503,868,202,1573
2007-08-31,563,861,198,1622
2007-09-01,606,994,219,1819
2007-09-02,416,710,175,1301
2007-09-03,398,731,195,1324
2007-09-04,480,873,228,1581
2007-09-05,510,835,239,1584
2007-09-06,481,893,209,1583
2007-09-07,552,959,231,1742
2007-09-08,483,933,197,1613
2007-09-09,431,832,209,1472
2007-09-10,493,814,208,1515
2007-09-11,470,849,155,1474
2007-09-12,514,992,222,1728
2007-09-13,479,862,176,1517
2007-09-14,535,933,186,1654
2007-09-15,509,901,211,1621
2007-09-16,393,827,188,1408
2007-09-17,472,743,185,1400
2007-09-18,482,788,209,1479
2007-09-19,485,911,197,1593
2007-09-20,564,876,204,1644
2007-09-21,568,953,238,1759
2007-09-22,439,936,190,1565
2007-09-23,418,867,202,1487
2007-09-24,450,831,206,1487
2007-09-25,492,859,223,1574
2007-09-26,539,901,225,1665
2007-09-27,529,904,230,1663
2007-09-28,604,911,234,1749
2007-09-29,468,908,213,1589
2007-09-30,452,791,169,1412
2007-10-01,630,947,230,1807
2007-10-02,507,848,219,1574
2007-10-03,510,921,192,1623
2007-10-04,485,944,223,1652
2007-10-05,559,1014,213,1786
2007-10-06,453,920,168,1541
2007-10-07,423,828,186,1437
2007-10-08,384,718,165,1267
2007-10-09,479,945,175,1599
2007-10-10,521,947,188,1656
2007-10-11,485,809,174,1468
2007-10-12,539,919,193,1651
2007-10-13,432,901,180,1513
2007-10-14,368,774,172,1314
2007-10-15,435,796,212,1443
2007-10-16,488,850,192,1530
2007-10-17,523,943,177,1643
2007-10-18,523,931,203,1657
2007-10-19,524,904,198,1626
2007-10-20,509,960,222,1691
2007-10-21,453,829,179,1461
2007-10-22,422,873,218,1513
2007-10-23,572,953,225,1750
2007-10-24,508,793,188,1489
2007-10-25,478,918,185,1581
2007-10-26,525,856,181,1562
2007-10-27,478,816,168,1462
2007-10-28,419,731,143,1293
2007-10-29,427,702,178,1307
2007-10-30,476,840,180,1496
2007-10-31,543,908,199,1650
2007-11-01,629,1052,223,1904
2007-11-02,521,910,197,1628
2007-11-03,445,842,172,1459
2007-11-04,386,772,170,1328
2007-11-05,468,763,194,1425
2007-11-06,470,739,131,1340
2007-11-07,461,798,172,1431
2007-11-08,500,810,165,1475
2007-11-09,543,839,175,1557
2007-11-10,460,822,151,1433
2007-11-11,389,758,137,1284
2007-11-12,380,713,149,1242
2007-11-13,496,848,186,1530
2007-11-14,471,827,182,1480
2007-11-15,501,864,161,1526
2007-11-16,498,885,165,1548
2007-11-17,447,822,150,1419
2007-11-18,398,765,166,1329
2007-11-19,425,698,154,1277
2007-11-20,477,767,151,1395
2007-11-21,530,895,165,1590
2007-11-22,284,533,159,976
2007-11-23,464,775,141,1380
2007-11-24,416,757,152,1325
2007-11-25,382,699,163,1244
2007-11-26,458,662,176,1296
2007-11-27,477,854,178,1509
2007-11-28,471,796,183,1450
2007-11-29,486,767,161,1414
2007-11-30,540,902,169,1611
2007-12-01,547,906,145,1598
2007-12-02,337,620,134,1091
2007-12-03,490,742,155,1387
2007-12-04,454,734,167,1355
2007-12-05,462,745,174,1381
2007-12-06,475,810,146,1431
2007-12-07,568,857,169,1594
2007-12-08,426,804,157,1387
2007-12-09,369,684,151,1204
2007-12-10,453,739,180,1372
2007-12-11,486,794,190,1470
2007-12-12,537,800,174,1511
2007-12-13,453,679,145,1277
2007-12-14,506,835,189,1530
2007-12-15,483,891,175,1549
2007-12-16,366,572,132,1070
2007-12-17,438,648,178,1264
2007-12-18,490,834,173,1497
2007-12-19,482,717,176,1375
2007-12-20,530,859,164,1553
2007-12-21,614,836,196,1646
2007-12-22,503,726,145,1374
2007-12-23,394,745,130,1269
2007-12-24,464,628,145,1237
2007-12-25,301,527,148,976
2007-12-26,386,700,134,1220
2007-12-27,398,797,146,1341
2007-12-28,481,761,115,1357
2007-12-29,422,804,150,1376
2007-12-30,388,693,137,1218
2007-12-31,454,648,127,1229
2008-01-01,832,1237,198,2267
2008-01-02,388,713,159,1260
2008-01-03,406,741,170,1317
2008-01-04,501,910,164,1575
2008-01-05,500,870,162,1532
2008-01-06,392,714,177,1283
2008-01-07,465,798,180,1443
2008-01-08,521,884,184,1589
2008-01-09,456,882,158,1496
2008-01-10,515,948,221,1684
2008-01-11,519,989,157,1665
2008-01-12,428,914,174,1516
2008-01-13,386,828,131,1345
2008-01-14,395,801,195,1391
2008-01-15,455,848,178,1481
2008-01-16,458,854,179,1491
2008-01-17,449,897,178,1524
2008-01-18,493,1002,171,1666
2008-01-19,428,997,147,1572
2008-01-20,346,748,133,1227
2008-01-21,376,675,141,1192
2008-01-22,441,836,148,1425
2008-01-23,412,873,165,1450
2008-01-24,441,838,157,1436
2008-01-25,508,856,148,1512
2008-01-26,404,842,149,1395
2008-01-27,354,732,139,1225
2008-01-28,415,694,133,1242
2008-01-29,386,819,132,1337
2008-01-30,465,783,158,1406
2008-01-31,447,814,155,1416
2008-02-01,591,1027,170,1788
2008-02-02,465,921,150,1536
2008-02-03,400,812,155,1367
2008-02-04,431,702,159,1292
2008-02-05,453,827,169,1449
2008-02-06,458,896,182,1536
2008-02-07,420,884,167,1471
2008-02-08,506,992,184,1682
2008-02-09,410,859,153,1422
2008-02-10,310,697,133,1140
2008-02-11,330,646,154,1130
2008-02-12,393,643,133,1169
2008-02-13,402,686,132,1220
2008-02-14,422,782,163,1367
2008-02-15,522,1011,201,1734
2008-02-16,420,849,148,1417
2008-02-17,324,714,115,1153
2008-02-18,360,693,144,1197
2008-02-19,434,783,165,1382
2008-02-20,422,808,162,1392
2008-02-21,407,789,155,1351
2008-02-22,389,721,128,1238
2008-02-23,390,784,165,1339
2008-02-24,307,688,124,1119
2008-02-25,390,721,157,1268
2008-02-26,391,745,161,1297
2008-02-27,447,847,165,1459
2008-02-28,376,838,160,1374
2008-02-29,417,851,163,1431
2008-03-01,553,964,160,1677
2008-03-02,344,763,147,1254
2008-03-03,424,757,174,1355
2008-03-04,411,842,173,1426
2008-03-05,470,837,167,1474
2008-03-06,411,949,154,1514
2008-03-07,476,957,177,1610
2008-03-08,366,867,131,1364
2008-03-09,364,705,154,1223
2008-03-10,407,811,178,1396
2008-03-11,393,860,186,1439
2008-03-12,439,905,182,1526
2008-03-13,465,826,184,1475
2008-03-14,502,918,175,1595
2008-03-15,466,848,177,1491
2008-03-16,324,736,164,1224
2008-03-17,387,750,188,1325
2008-03-18,425,815,174,1414
2008-03-19,399,788,155,1342
2008-03-20,489,919,183,1591
2008-03-21,449,890,163,1502
2008-03-22,408,900,151,1459
2008-03-23,353,678,139,1170
2008-03-24,368,764,160,1292
2008-03-25,425,917,150,1492
2008-03-26,436,900,170,1506
2008-03-27,434,903,166,1503
2008-03-28,494,956,157,1607
2008-03-29,381,873,157,1411
2008-03-30,316,709,147,1172
2008-03-31,405,743,176,1324
2008-04-01,576,979,231,1786
2008-04-02,430,932,189,1551
2008-04-03,446,839,187,1472
2008-04-04,463,937,173,1573
2008-04-05,452,906,174,1532
2008-04-06,357,760,145,1262
2008-04-07,427,774,171,1372
2008-04-08,394,861,173,1428
2008-04-09,431,860,189,1480
2008-04-10,452,885,194,1531
2008-04-11,489,970,212,1671
2008-04-12,426,920,190,1536
2008-04-13,322,800,186,1308
2008-04-14,420,763,174,1357
2008-04-15,480,880,175,1535
2008-04-16,447,867,210,1524
2008-04-17,436,804,194,1434
2008-04-18,499,930,187,1616
2008-04-19,421,814,182,1417
2008-04-20,374,711,174,1259
2008-04-21,380,727,163,1270
2008-04-22,436,817,151,1404
2008-04-23,436,842,164,1442
2008-04-24,422,826,180,1428
2008-04-25,486,797,153,1436
2008-04-26,399,833,164,1396
2008-04-27,310,671,169,1150
2008-04-28,377,654,134,1165
2008-04-29,434,718,152,1304
2008-04-30,446,797,180,1423
2008-05-01,515,996,247,1758
2008-05-02,463,919,195,1577
2008-05-03,420,841,168,1429
2008-05-04,357,721,157,1235
2008-05-05,424,759,202,1385
2008-05-06,466,918,201,1585
2008-05-07,461,836,194,1491
2008-05-08,505,880,186,1571
2008-05-09,438,873,169,1480
2008-05-10,426,858,156,1440
2008-05-11,347,730,153,1230
2008-05-12,400,722,156,1278
2008-05-13,482,873,167,1522
2008-05-14,472,917,186,1575
2008-05-15,481,919,162,1562
2008-05-16,466,844,162,1472
2008-05-17,415,889,155,1459
2008-05-18,353,755,157,1265
2008-05-19,424,703,134,1261
2008-05-20,420,812,163,1395
2008-05-21,468,882,183,1533
2008-05-22,446,891,153,1490
2008-05-23,538,983,159,1680
2008-05-24,428,828,137,1393
2008-05-25,342,792,149,1283
2008-05-26,365,705,179,1249
2008-05-27,505,895,181,1581
2008-05-28,480,888,203,1571
2008-05-29,451,850,162,1463
2008-05-30,506,982,179,1667
2008-05-31,422,757,169,1348
2008-06-01,502,998,234,1734
2008-06-02,451,786,220,1457
2008-06-03,466,974,201,1641
2008-06-04,449,886,194,1529
2008-06-05,464,856,203,1523
2008-06-06,531,986,203,1720
2008-06-07,431,847,185,1463
2008-06-08,386,815,171,1372
2008-06-09,395,751,186,1332
2008-06-10,464,876,174,1514
2008-06-11,494,861,200,1555
2008-06-12,455,927,199,1581
2008-06-13,554,987,210,1751
2008-06-14,454,848,167,1469
2008-06-15,374,734,189,1297
2008-06-16,458,846,201,1505
2008-06-17,468,884,187,1539
2008-06-18,471,860,178,1509
2008-06-19,472,876,186,1534
2008-06-20,578,1032,183,1793
2008-06-21,475,902,179,1556
2008-06-22,407,762,179,1348
2008-06-23,392,778,181,1351
2008-06-24,498,939,181,1618
2008-06-25,494,905,180,1579
2008-06-26,474,919,169,1562
2008-06-27,487,919,171,1577
2008-06-28,440,830,210,1480
2008-06-29,408,738,178,1324
2008-06-30,414,752,197,1363
2008-07-01,607,1043,222,1872
2008-07-02,467,905,153,1525
2008-07-03,505,894,165,1564
2008-07-04,381,760,166,1307
2008-07-05,405,865,188,1458
2008-07-06,369,731,149,1249
2008-07-07,405,756,172,1333
2008-07-08,419,812,183,1414
2008-07-09,448,845,189,1482
2008-07-10,448,860,213,1521
2008-07-11,533,975,195,1703
2008-07-12,475,797,188,1460
2008-07-13,413,757,145,1315
2008-07-14,448,765,186,1399
2008-07-15,456,845,201,1502
2008-07-16,446,854,183,1483
2008-07-17,488,907,207,1602
2008-07-18,514,931,178,1623
2008-07-19,454,837,194,1485
2008-07-20,399,841,159,1399
2008-07-21,454,767,181,1402
2008-07-22,482,899,183,1564
2008-07-23,523,975,178,1676
2008-07-24,480,888,152,1520
2008-07-25,542,940,170,1652
2008-07-26,457,843,185,1485
2008-07-27,407,788,157,1352
2008-07-28,493,825,178,1496
2008-07-29,482,959,206,1647
2008-07-30,473,925,162,1560
2008-07-31,500,858,134,1492
2008-08-01,678,1054,232,1964
2008-08-02,466,940,180,1586
2008-08-03,436,824,191,1451
2008-08-04,423,820,203,1446
2008-08-05,434,908,198,1540
2008-08-06,478,855,192,1525
2008-08-07,483,889,191,1563
2008-08-08,491,984,184,1659
2008-08-09,461,884,168,1513
2008-08-10,443,820,146,1409
2008-08-11,443,770,172,1385
2008-08-12,473,881,184,1538
2008-08-13,482,883,189,1554
2008-08-14,486,804,154,1444
2008-08-15,528,934,148,1610
2008-08-16,442,899,148,1489
2008-08-17,433,883,169,1485
2008-08-18,425,787,190,1402
2008-08-19,489,898,173,1560
2008-08-20,513,919,175,1607
2008-08-21,477,841,170,1488
2008-08-22,539,890,170,1599
2008-08-23,465,846,173,1484
2008-08-24,405,822,179,1406
2008-08-25,473,746,194,1413
2008-08-26,472,844,177,1493
2008-08-27,445,857,167,1469
2008-08-28,519,890,185,1594
2008-08-29,484,849,164,1497
2008-08-30,468,906,154,1528
2008-08-31,427,759,165,1351
2008-09-01,519,888,182,1589
2008-09-02,489,792,233,1514
2008-09-03,496,788,210,1494
2008-09-04,484,782,225,1491
2008-09-05,551,985,218,1754
2008-09-06,400,751,159,1310
2008-09-07,370,788,161,1319
2008-09-08,461,763,234,1458
2008-09-09,498,763,174,1435
2008-09-10,463,844,212,1519
2008-09-11,460,887,173,1520
2008-09-12,530,874,196,1600
2008-09-13,484,884,188,1556
2008-09-14,438,820,179,1437
2008-09-15,472,850,236,1558
2008-09-16,459,853,175,1487
2008-09-17,473,848,215,1536
2008-09-18,530,901,192,1623
2008-09-19,567,918,180,1665
2008-09-20,467,913,209,1589
2008-09-21,431,746,151,1328
2008-09-22,444,734,186,1364
2008-09-23,489,813,158,1460
2008-09-24,453,901,180,1534
2008-09-25,490,809,187,1486
2008-09-26,513,788,171,1472
2008-09-27,461,815,159,1435
2008-09-28,425,761,190,1376
2008-09-29,490,756,185,1431
2008-09-30,460,822,147,1429
2008-10-01,590,956,197,1743
2008-10-02,481,896,161,1538
2008-10-03,537,919,180,1636
2008-10-04,462,843,161,1466
2008-10-05,370,733,152,1255
2008-10-06,443,725,160,1328
2008-10-07,433,788,192,1413
2008-10-08,450,909,162,1521
2008-10-09,474,838,160,1472
2008-10-10,543,1039,188,1770
2008-10-11,424,881,164,1469
2008-10-12,425,763,149,1337
2008-10-13,377,716,170,1263
2008-10-14,524,859,172,1555
2008-10-15,514,933,189,1636
2008-10-16,478,845,193,1516
2008-10-17,554,937,165,1656
2008-10-18,478,863,146,1487
2008-10-19,383,709,134,1226
2008-10-20,485,763,177,1425
2008-10-21,492,811,170,1473
2008-10-22,416,778,169,1363
2008-10-23,449,803,153,1405
2008-10-24,550,961,177,1688
2008-10-25,454,841,152,1447
2008-10-26,359,738,137,1234
2008-10-27,458,735,167,1360
2008-10-28,394,638,142,1174
2008-10-29,474,762,179,1415
2008-10-30,486,812,171,1469
2008-10-31,553,873,182,1608
2008-11-01,588,1067,186,1841
2008-11-02,371,692,155,1218
2008-11-03,437,700,166,1303
2008-11-04,395,670,146,1211
2008-11-05,507,769,168,1444
2008-11-06,478,814,167,1459
2008-11-07,553,884,193,1630
2008-11-08,445,861,148,1454
2008-11-09,400,719,159,1278
2008-11-10,476,662,182,1320
2008-11-11,438,727,165,1330
2008-11-12,517,771,151,1439
2008-11-13,433,740,152,1325
2008-11-14,480,917,191,1588
2008-11-15,465,795,163,1423
2008-11-16,343,706,132,1181
2008-11-17,419,713,161,1293
2008-11-18,465,730,164,1359
2008-11-19,466,821,143,1430
2008-11-20,522,819,163,1504
2008-11-21,525,913,153,1591
2008-11-22,412,767,132,1311
2008-11-23,337,598,148,1083
2008-11-24,470,730,181,1381
2008-11-25,467,845,151,1463
2008-11-26,448,830,161,1439
2008-11-27,254,527,119,900
2008-11-28,485,823,140,1448
2008-11-29,415,759,115,1289
2008-11-30,336,669,137,1142
2008-12-01,584,880,200,1664
2008-12-02,473,850,172,1495
2008-12-03,468,792,147,1407
2008-12-04,455,740,152,1347
2008-12-05,499,917,163,1579
2008-12-06,400,787,143,1330
2008-12-07,340,618,134,1092
2008-12-08,411,664,144,1219
2008-12-09,488,791,137,1416
2008-12-10,520,808,172,1500
2008-12-11,453,704,120,1277
2008-12-12,501,884,158,1543
2008-12-13,436,826,136,1398
2008-12-14,335,697,131,1163
2008-12-15,442,728,153,1323
2008-12-16,466,732,150,1348
2008-12-17,466,758,167,1391
2008-12-18,469,834,173,1476
2008-12-19,397,670,118,1185
2008-12-20,393,734,157,1284
2008-12-21,351,607,136,1094
2008-12-22,389,582,143,1114
2008-12-23,471,715,119,1305
2008-12-24,382,549,130,1061
2008-12-25,271,473,133,877
2008-12-26,468,700,129,1297
2008-12-27,393,816,120,1329
2008-12-28,379,721,150,1250
2008-12-29,448,664,133,1245
2008-12-30,413,689,122,1224
2008-12-31,442,609,122,1173
2009-01-01,684,1144,199,2027
2009-01-02,412,806,125,1343
2009-01-03,401,830,143,1374
2009-01-04,292,641,149,1082
2009-01-05,424,802,169,1395
2009-01-06,400,736,150,1286
2009-01-07,393,750,155,1298
2009-01-08,433,830,169,1432
2009-01-09,494,889,193,1576
2009-01-10,343,722,147,1212
2009-01-11,282,584,128,994
2009-01-12,409,732,163,1304
2009-01-13,468,844,173,1485
2009-01-14,419,786,163,1368
2009-01-15,407,762,160,1329
2009-01-16,445,768,118,1331
2009-01-17,382,790,131,1303
2009-01-18,329,596,127,1052
2009-01-19,282,611,141,1034
2009-01-20,379,837,153,1369
2009-01-21,397,822,134,1353
2009-01-22,406,814,147,1367
2009-01-23,502,943,157,1602
2009-01-24,371,845,138,1354
2009-01-25,296,632,126,1054
2009-01-26,334,663,157,1154
2009-01-27,406,778,136,1320
2009-01-28,343,672,152,1167
2009-01-29,414,811,140,1365
2009-01-30,434,843,165,1442
2009-01-31,351,798,136,1285
2009-02-01,408,851,194,1453
2009-02-02,388,735,190,1313
2009-02-03,338,638,138,1114
2009-02-04,356,734,145,1235
2009-02-05,318,751,153,1222
2009-02-06,391,866,142,1399
2009-02-07,406,786,128,1320
2009-02-08,310,690,131,1131
2009-02-09,345,722,164,1231
2009-02-10,423,905,172,1500
2009-02-11,435,891,175,1501
2009-02-12,434,906,145,1485
2009-02-13,471,942,149,1562
2009-02-14,361,832,111,1304
2009-02-15,309,783,127,1219
2009-02-16,305,736,120,1161
2009-02-17,409,811,133,1353
2009-02-18,382,769,123,1274
2009-02-19,387,764,123,1274
2009-02-20,407,897,150,1454
2009-02-21,383,878,134,1395
2009-02-22,282,680,123,1085
2009-02-23,328,647,148,1123
2009-02-24,382,811,159,1352
2009-02-25,381,883,140,1404
2009-02-26,435,924,178,1537
2009-02-27,442,971,172,1585
2009-02-28,386,867,147,1400
2009-03-01,403,845,147,1395
2009-03-02,248,486,144,878
2009-03-03,340,668,136,1144
2009-03-04,379,770,154,1303
2009-03-05,406,912,167,1485
2009-03-06,463,921,173,1557
2009-03-07,435,954,164,1553
2009-03-08,326,724,159,1209
2009-03-09,360,731,190,1281
2009-03-10,422,914,163,1499
2009-03-11,470,905,199,1574
2009-03-12,390,898,141,1429
2009-03-13,437,966,156,1559
2009-03-14,376,904,142,1422
2009-03-15,305,830,163,1298
2009-03-16,382,756,165,1303
2009-03-17,368,837,183,1388
2009-03-18,398,917,189,1504
2009-03-19,392,861,164,1417
2009-03-20,419,933,165,1517
2009-03-21,376,874,166,1416
2009-03-22,308,761,156,1225
2009-03-23,326,686,156,1168
2009-03-24,392,884,139,1415
2009-03-25,414,903,158,1475
2009-03-26,379,796,132,1307
2009-03-27,475,1007,181,1663
2009-03-28,414,864,130,1408
2009-03-29,323,748,153,1224
2009-03-30,392,787,154,1333
2009-03-31,422,817,207,1446
2009-04-01,506,1059,192,1757
2009-04-02,432,855,162,1449
2009-04-03,429,869,165,1463
2009-04-04,387,807,139,1333
2009-04-05,344,738,158,1240
2009-04-06,312,721,155,1188
2009-04-07,396,843,155,1394
2009-04-08,410,901,163,1474
2009-04-09,419,900,147,1466
2009-04-10,393,885,150,1428
2009-04-11,361,742,149,1252
2009-04-12,290,670,135,1095
2009-04-13,333,686,151,1170
2009-04-14,370,742,131,1243
2009-04-15,378,811,132,1321
2009-04-16,394,798,137,1329
2009-04-17,440,888,150,1478
2009-04-18,392,872,175,1439
2009-04-19,274,718,140,1132
2009-04-20,376,674,162,1212
2009-04-21,377,872,166,1415
2009-04-22,404,844,167,1415
2009-04-23,415,881,156,1452
2009-04-24,423,1009,164,1596
2009-04-25,390,885,133,1408
2009-04-26,381,794,185,1360
2009-04-27,373,776,196,1345
2009-04-28,454,820,177,1451
2009-04-29,465,886,204,1555
2009-04-30,429,892,188,1509
2009-05-01,560,1051,255,1866
2009-05-02,418,870,155,1443
2009-05-03,314,692,135,1141
2009-05-04,365,704,150,1219
2009-05-05,425,845,179,1449
2009-05-06,460,900,171,1531
2009-05-07,364,825,175,1364
2009-05-08,493,1007,197,1697
2009-05-09,427,891,179,1497
2009-05-10,328,791,161,1280
2009-05-11,376,846,174,1396
2009-05-12,430,929,201,1560
2009-05-13,459,940,197,1596
2009-05-14,407,817,172,1396
2009-05-15,463,1004,205,1672
2009-05-16,434,819,150,1403
2009-05-17,343,725,163,1231
2009-05-18,363,774,178,1315
2009-05-19,364,817,152,1333
2009-05-20,424,956,201,1581
2009-05-21,429,838,202,1469
2009-05-22,455,924,174,1553
2009-05-23,403,897,161,1461
2009-05-24,350,742,148,1240
2009-05-25,381,757,160,1298
2009-05-26,438,775,177,1390
2009-05-27,372,841,156,1369
2009-05-28,446,798,171,1415
2009-05-29,435,945,181,1561
2009-05-30,359,851,162,1372
2009-05-31,357,723,169,1249
2009-06-01,527,989,212,1728
2009-06-02,421,900,190,1511
2009-06-03,449,812,167,1428
2009-06-04,383,727,169,1279
2009-06-05,416,785,173,1374
2009-06-06,380,823,175,1378
2009-06-07,377,764,198,1339
2009-06-08,379,831,208,1418
2009-06-09,409,825,161,1395
2009-06-10,425,934,167,1526
2009-06-11,413,834,169,1416
2009-06-12,447,927,181,1555
2009-06-13,402,883,185,1470
2009-06-14,349,806,179,1334
2009-06-15,395,829,169,1393
2009-06-16,438,902,170,1510
2009-06-17,430,888,187,1505
2009-06-18,369,731,153,1253
2009-06-19,468,945,161,1574
2009-06-20,399,907,151,1457
2009-06-21,333,773,181,1287
2009-06-22,418,841,180,1439
2009-06-23,440,901,196,1537
2009-06-24,412,868,169,1449
2009-06-25,461,875,169,1505
2009-06-26,435,935,163,1533
2009-06-27,407,889,186,1482
2009-06-28,367,884,177,1428
2009-06-29,424,746,189,1359
2009-06-30,460,826,188,1474
2009-07-01,509,1045,233,1787
2009-07-02,407,878,169,1454
2009-07-03,431,948,161,1540
2009-07-04,430,946,150,1526
2009-07-05,355,817,144,1316
2009-07-06,364,787,177,1328
2009-07-07,416,852,150,1418
2009-07-08,401,918,152,1471
2009-07-09,444,915,173,1532
2009-07-10,466,869,168,1503
2009-07-11,455,839,166,1460
2009-07-12,355,709,178,1242
2009-07-13,389,749,175,1313
2009-07-14,394,879,192,1465
2009-07-15,434,951,182,1567
2009-07-16,452,873,177,1502
2009-07-17,488,897,164,1549
2009-07-18,415,959,171,1545
2009-07-19,398,825,205,1428
2009-07-20,415,827,207,1449
2009-07-21,432,780,161,1373
2009-07-22,426,903,179,1508
2009-07-23,432,770,159,1361
2009-07-24,468,872,187,1527
2009-07-25,425,858,169,1452
2009-07-26,362,801,156,1319
2009-07-27,376,794,190,1360
2009-07-28,449,902,200,1551
2009-07-29,435,800,147,1382
2009-07-30,428,850,202,1480
2009-07-31,461,828,202,1491
2009-08-01,513,1117,210,1840
2009-08-02,385,793,144,1322
2009-08-03,391,752,172,1315
2009-08-04,463,890,198,1551
2009-08-05,440,932,190,1562
2009-08-06,456,878,192,1526
2009-08-07,501,963,180,1644
2009-08-08,438,884,159,1481
2009-08-09,363,851,173,1387
2009-08-10,426,757,190,1373
2009-08-11,387,895,168,1450
2009-08-12,456,884,175,1515
2009-08-13,458,941,153,1552
2009-08-14,496,938,182,1616
2009-08-15,508,920,189,1617
2009-08-16,362,785,193,1340
2009-08-17,418,825,195,1438
2009-08-18,425,855,159,1439
2009-08-19,416,892,191,1499
2009-08-20,501,931,202,1634
2009-08-21,472,901,138,1511
2009-08-22,426,886,167,1479
2009-08-23,377,821,167,1365
2009-08-24,399,781,193,1373
2009-08-25,429,918,202,1549
2009-08-26,427,958,174,1559
2009-08-27,489,903,176,1568
2009-08-28,452,854,119,1425
2009-08-29,416,844,165,1425
2009-08-30,377,783,146,1306
2009-08-31,422,770,152,1344
2009-09-01,565,1055,194,1814
2009-09-02,439,892,161,1492
2009-09-03,412,821,149,1382
2009-09-04,492,929,165,1586
2009-09-05,468,930,151,1549
2009-09-06,376,814,151,1341
2009-09-07,357,733,161,1251
2009-09-08,415,810,193,1418
2009-09-09,434,821,189,1444
2009-09-10,459,832,163,1454
2009-09-11,424,766,137,1327
2009-09-12,447,842,177,1466
2009-09-13,378,781,182,1341
2009-09-14,384,762,183,1329
2009-09-15,461,864,211,1536
2009-09-16,438,891,202,1531
2009-09-17,494,898,193,1585
2009-09-18,494,980,214,1688
2009-09-19,425,843,167,1435
2009-09-20,373,755,151,1279
2009-09-21,431,786,216,1433
2009-09-22,432,851,181,1464
2009-09-23,461,876,179,1516
2009-09-24,460,896,184,1540
2009-09-25,488,928,192,1608
2009-09-26,398,838,157,1393
2009-09-27,342,766,162,1270
2009-09-28,379,709,164,1252
2009-09-29,408,766,173,1347
2009-09-30,429,855,167,1451
2009-10-01,493,1056,192,1741
2009-10-02,500,941,177,1618
2009-10-03,419,926,165,1510
2009-10-04,378,817,172,1367
2009-10-05,416,769,200,1385
2009-10-06,442,886,182,1510
2009-10-07,409,862,152,1423
2009-10-08,471,900,148,1519
2009-10-09,486,894,189,1569
2009-10-10,462,916,139,1517
2009-10-11,352,771,145,1268
2009-10-12,343,664,154,1161
2009-10-13,434,835,167,1436
2009-10-14,415,874,157,1446
2009-10-15,409,806,137,1352
2009-10-16,447,855,169,1471
2009-10-17,399,862,160,1421
2009-10-18,310,676,131,1117
2009-10-19,392,696,153,1241
2009-10-20,453,840,186,1479
2009-10-21,442,955,224,1621
2009-10-22,484,855,205,1544
2009-10-23,538,962,158,1658
2009-10-24,413,797,137,1347
2009-10-25,397,768,148,1313
2009-10-26,397,744,209,1350
2009-10-27,414,789,168,1371
2009-10-28,415,754,156,1325
2009-10-29,479,780,173,1432
2009-10-30,501,957,179,1637
2009-10-31,488,868,182,1538
2009-11-01,467,944,232,1643
2009-11-02,426,816,172,1414
2009-11-03,405,775,149,1329
2009-11-04,427,834,168,1429
2009-11-05,435,831,164,1430
2009-11-06,439,890,178,1507
2009-11-07,402,852,145,1399
2009-11-08,387,706,177,1270
2009-11-09,405,759,194,1358
2009-11-10,439,921,186,1546
2009-11-11,416,826,135,1377
2009-11-12,396,768,156,1320
2009-11-13,482,877,153,1512
2009-11-14,402,778,135,1315
2009-11-15,413,759,174,1346
2009-11-16,461,785,151,1397
2009-11-17,428,914,178,1520
2009-11-18,463,876,145,1484
2009-11-19,409,871,200,1480
2009-11-20,522,1022,209,1753
2009-11-21,428,879,134,1441
2009-11-22,342,696,160,1198
2009-11-23,438,714,164,1316
2009-11-24,451,796,145,1392
2009-11-25,502,826,162,1490
2009-11-26,283,487,111,881
2009-11-27,434,845,124,1403
2009-11-28,397,783,140,1320
2009-11-29,364,690,134,1188
2009-11-30,394,638,163,1195
2009-12-01,534,959,183,1676
2009-12-02,437,848,186,1471
2009-12-03,441,822,159,1422
2009-12-04,474,913,138,1525
2009-12-05,363,823,132,1318
2009-12-06,345,672,131,1148
2009-12-07,396,720,172,1288
2009-12-08,450,774,143,1367
2009-12-09,427,776,146,1349
2009-12-10,434,766,162,1362
2009-12-11,466,825,144,1435
2009-12-12,382,841,148,1371
2009-12-13,286,706,122,1114
2009-12-14,424,688,153,1265
2009-12-15,465,844,163,1472
2009-12-16,475,763,149,1387
2009-12-17,395,706,127,1228
2009-12-18,436,814,134,1384
2009-12-19,329,648,115,1092
2009-12-20,274,518,136,928
2009-12-21,340,583,150,1073
2009-12-22,443,683,168,1294
2009-12-23,416,723,138,1277
2009-12-24,372,576,114,1062
2009-12-25,240,487,129,856
2009-12-26,277,652,121,1050
2009-12-27,329,710,144,1183
2009-12-28,387,662,151,1200
2009-12-29,385,691,103,1179
2009-12-30,459,769,118,1346
2009-12-31,418,624,98,1140
2010-01-01,692,1458,193,2343
2010-01-02,336,743,99,1178
2010-01-03,250,658,138,1046
2010-01-04,356,700,163,1219
2010-01-05,373,834,145,1352
2010-01-06,447,807,175,1429
2010-01-07,462,896,182,1540
2010-01-08,424,911,160,1495
2010-01-09,363,789,146,1298
2010-01-10,340,735,137,1212
2010-01-11,351,717,157,1225
2010-01-12,404,810,130,1344
2010-01-13,418,848,144,1410
2010-01-14,452,907,146,1505
2010-01-15,548,1065,172,1785
2010-01-16,381,932,140,1453
2010-01-17,335,748,140,1223
2010-01-18,365,706,148,1219
2010-01-19,431,858,182,1471
2010-01-20,421,953,136,1510
2010-01-21,435,867,177,1479
2010-01-22,484,988,181,1653
2010-01-23,455,873,134,1462
2010-01-24,341,720,131,1192
2010-01-25,364,694,131,1189
2010-01-26,372,854,154,1380
2010-01-27,423,801,168,1392
2010-01-28,344,790,147,1281
2010-01-29,420,816,130,1366
2010-01-30,335,745,121,1201
2010-01-31,274,647,123,1044
2010-02-01,406,906,173,1485
2010-02-02,391,826,160,1377
2010-02-03,405,818,171,1394
2010-02-04,389,798,148,1335
2010-02-05,450,936,177,1563
2010-02-06,334,783,135,1252
2010-02-07,297,636,132,1065
2010-02-08,307,616,164,1087
2010-02-09,364,717,143,1224
2010-02-10,251,456,135,842
2010-02-11,322,644,132,1098
2010-02-12,441,785,178,1404
2010-02-13,357,786,132,1275
2010-02-14,281,631,117,1029
2010-02-15,281,619,119,1019
2010-02-16,308,628,107,1043
2010-02-17,350,736,133,1219
2010-02-18,376,812,139,1327
2010-02-19,394,814,141,1349
2010-02-20,426,914,130,1470
2010-02-21,290,747,142,1179
2010-02-22,338,712,146,1196
2010-02-23,375,714,142,1231
2010-02-24,381,828,165,1374
2010-02-25,343,623,131,1097
2010-02-26,270,541,121,932
2010-02-27,343,750,153,1246
2010-02-28,271,651,137,1059
2010-03-01,439,929,212,1580
2010-03-02,343,824,178,1345
2010-03-03,453,826,176,1455
2010-03-04,411,866,183,1460
2010-03-05,440,999,166,1605
2010-03-06,376,925,141,1442
2010-03-07,304,805,142,1251
2010-03-08,378,786,169,1333
2010-03-09,368,890,168,1426
2010-03-10,436,931,191,1558
2010-03-11,395,862,158,1415
2010-03-12,422,868,158,1448
2010-03-13,291,646,111,1048
2010-03-14,286,669,133,1088
2010-03-15,393,715,175,1283
2010-03-16,412,843,193,1448
2010-03-17,432,916,166,1514
2010-03-18,429,862,178,1469
2010-03-19,486,916,165,1567
2010-03-20,406,911,150,1467
2010-03-21,328,799,174,1301
2010-03-22,321,675,150,1146
2010-03-23,404,814,192,1410
2010-03-24,384,922,198,1504
2010-03-25,419,918,163,1500
2010-03-26,423,925,175,1523
2010-03-27,373,800,143,1316
2010-03-28,349,677,130,1156
2010-03-29,326,628,125,1079
2010-03-30,319,630,114,1063
2010-03-31,386,800,138,1324
2010-04-01,464,1063,185,1712
2010-04-02,384,865,152,1401
2010-04-03,371,810,144,1325
2010-04-04,305,705,161,1171
2010-04-05,359,752,174,1285
2010-04-06,390,855,153,1398
2010-04-07,403,889,163,1455
2010-04-08,434,937,176,1547
2010-04-09,413,934,186,1533
2010-04-10,368,960,166,1494
2010-04-11,330,755,150,1235
2010-04-12,368,765,190,1323
2010-04-13,411,861,177,1449
2010-04-14,392,885,199,1476
2010-04-15,431,921,171,1523
2010-04-16,444,923,169,1536
2010-04-17,368,935,139,1442
2010-04-18,325,746,137,1208
2010-04-19,412,782,186,1380
2010-04-20,427,992,183,1602
2010-04-21,395,888,196,1479
2010-04-22,460,908,177,1545
2010-04-23,463,957,196,1616
2010-04-24,350,890,143,1383
2010-04-25,303,673,153,1129
2010-04-26,332,693,146,1171
2010-04-27,354,896,185,1435
2010-04-28,410,951,187,1548
2010-04-29,423,870,182,1475
2010-04-30,441,973,198,1612
2010-05-01,464,1023,174,1661
2010-05-02,360,840,160,1360
2010-05-03,405,708,180,1293
2010-05-04,379,879,187,1445
2010-05-05,473,938,175,1586
2010-05-06,434,921,195,1550
2010-05-07,461,1037,190,1688
2010-05-08,402,895,149,1446
2010-05-09,275,749,146,1170
2010-05-10,415,770,177,1362
2010-05-11,383,850,167,1400
2010-05-12,434,845,160,1439
2010-05-13,415,912,169,1496
2010-05-14,451,966,173,1590
2010-05-15,397,908,176,1481
2010-05-16,318,777,170,1265
2010-05-17,391,799,164,1354
2010-05-18,341,725,166,1232
2010-05-19,388,868,170,1426
2010-05-20,495,956,173,1624
2010-05-21,466,1007,208,1681
2010-05-22,409,976,143,1528
2010-05-23,357,733,158,1248
2010-05-24,390,806,164,1360
2010-05-25,413,1001,198,1612
2010-05-26,450,855,184,1489
2010-05-27,441,852,182,1475
2010-05-28,462,977,183,1622
2010-05-29,392,921,148,1461
2010-05-30,328,827,162,1317
2010-05-31,358,720,156,1234
2010-06-01,506,1052,220,1778
2010-06-02,401,909,214,1524
2010-06-03,422,942,176,1540
2010-06-04,495,1020,174,1689
2010-06-05,385,947,186,1518
2010-06-06,347,818,170,1335
2010-06-07,398,796,188,1382
2010-06-08,418,893,181,1492
2010-06-09,365,865,133,1363
2010-06-10,396,940,196,1532
2010-06-11,416,1045,190,1651
2010-06-12,370,887,157,1414
2010-06-13,347,730,157,1234
2010-06-14,407,761,177,1345
2010-06-15,427,899,159,1485
2010-06-16,389,945,168,1502
2010-06-17,414,949,190,1553
2010-06-18,456,1009,164,1629
2010-06-19,400,920,165,1485
2010-06-20,368,799,188,1355
2010-06-21,401,803,155,1359
2010-06-22,434,833,165,1432
2010-06-23,436,917,164,1517
2010-06-24,442,884,154,1480
2010-06-25,480,979,199,1658
2010-06-26,440,879,172,1491
2010-06-27,421,743,163,1327
2010-06-28,411,846,175,1432
2010-06-29,426,925,150,1501
2010-06-30,448,866,170,1484
2010-07-01,542,1062,172,1776
2010-07-02,434,896,162,1492
2010-07-03,421,835,134,1390
2010-07-04,372,825,149,1346
2010-07-05,365,792,162,1319
2010-07-06,400,827,161,1388
2010-07-07,406,847,184,1437
2010-07-08,426,855,174,1455
2010-07-09,448,901,199,1548
2010-07-10,451,918,185,1554
2010-07-11,353,796,144,1293
2010-07-12,380,834,180,1394
2010-07-13,412,767,138,1317
2010-07-14,419,876,151,1446
2010-07-15,464,942,171,1577
2010-07-16,456,977,169,1602
2010-07-17,430,909,160,1499
2010-07-18,370,765,167,1302
2010-07-19,412,807,168,1387
2010-07-20,422,949,198,1569
2010-07-21,421,878,183,1482
2010-07-22,464,931,158,1553
2010-07-23,471,851,173,1495
2010-07-24,414,873,165,1452
2010-07-25,354,825,152,1331
2010-07-26,426,767,159,1352
2010-07-27,436,883,149,1468
2010-07-28,442,824,163,1429
2010-07-29,480,915,181,1576
2010-07-30,444,867,163,1474
2010-07-31,441,854,142,1437
2010-08-01,447,985,191,1623
2010-08-02,402,818,177,1397
2010-08-03,406,739,172,1317
2010-08-04,445,819,144,1408
2010-08-05,397,892,182,1471
2010-08-06,482,950,183,1615
2010-08-07,399,874,163,1436
2010-08-08,388,874,159,1421
2010-08-09,363,756,186,1305
2010-08-10,442,918,201,1561
2010-08-11,427,967,181,1575
2010-08-12,418,850,170,1438
2010-08-13,486,875,147,1508
2010-08-14,437,907,158,1502
2010-08-15,364,900,183,1447
2010-08-16,394,789,151,1334
2010-08-17,440,840,157,1437
2010-08-18,457,832,163,1452
2010-08-19,401,863,154,1418
2010-08-20,459,890,178,1527
2010-08-21,391,909,146,1446
2010-08-22,335,742,150,1227
2010-08-23,386,677,136,1199
2010-08-24,414,813,144,1371
2010-08-25,440,826,142,1408
2010-08-26,468,829,144,1441
2010-08-27,431,946,138,1515
2010-08-28,374,868,150,1392
2010-08-29,379,822,164,1365
2010-08-30,419,788,159,1366
2010-08-31,400,811,147,1358
2010-09-01,525,1089,209,1823
2010-09-02,444,890,181,1515
2010-09-03,496,933,180,1609
2010-09-04,444,940,168,1552
2010-09-05,382,854,158,1394
2010-09-06,388,734,168,1290
2010-09-07,409,842,179,1430
2010-09-08,450,990,176,1616
2010-09-09,422,890,171,1483
2010-09-10,502,949,172,1623
2010-09-11,444,1021,150,1615
2010-09-12,307,805,144,1256
2010-09-13,375,681,175,1231
2010-09-14,391,818,187,1396
2010-09-15,442,959,185,1586
2010-09-16,427,752,170,1349
2010-09-17,466,914,183,1563
2010-09-18,417,931,159,1507
2010-09-19,373,868,181,1422
2010-09-20,409,725,199,1333
2010-09-21,459,864,174,1497
2010-09-22,462,833,161,1456
2010-09-23,467,908,198,1573
2010-09-24,510,933,179,1622
2010-09-25,485,905,186,1576
2010-09-26,369,801,159,1329
2010-09-27,429,716,164,1309
2010-09-28,427,829,168,1424
2010-09-29,455,907,192,1554
2010-09-30,440,824,194,1458
2010-10-01,593,1035,200,1828
2010-10-02,428,968,160,1556
2010-10-03,366,774,147,1287
2010-10-04,386,651,144,1181
2010-10-05,488,876,173,1537
2010-10-06,446,925,161,1532
2010-10-07,431,907,165,1503
2010-10-08,479,948,180,1607
2010-10-09,435,950,173,1558
2010-10-10,363,871,153,1387
2010-10-11,349,730,166,1245
2010-10-12,468,820,178,1466
2010-10-13,449,906,160,1515
2010-10-14,422,955,162,1539
2010-10-15,498,977,157,1632
2010-10-16,412,901,123,1436
2010-10-17,364,775,148,1287
2010-10-18,396,752,180,1328
2010-10-19,389,837,163,1389
2010-10-20,476,976,189,1641
2010-10-21,440,923,158,1521
2010-10-22,480,953,169,1602
2010-10-23,443,977,141,1561
2010-10-24,392,765,157,1314
2010-10-25,411,784,187,1382
2010-10-26,434,892,163,1489
2010-10-27,483,847,172,1502
2010-10-28,487,879,182,1548
2010-10-29,483,1007,171,1661
2010-10-30,427,837,116,1380
2010-10-31,379,869,142,1390
2010-11-01,459,849,172,1480
2010-11-02,397,709,135,1241
2010-11-03,444,833,177,1454
2010-11-04,380,774,151,1305
2010-11-05,483,923,164,1570
2010-11-06,410,861,141,1412
2010-11-07,377,710,154,1241
2010-11-08,383,630,176,1189
2010-11-09,402,832,174,1408
2010-11-10,442,938,178,1558
2010-11-11,377,846,109,1332
2010-11-12,506,969,159,1634
2010-11-13,443,922,167,1532
2010-11-14,383,691,142,1216
2010-11-15,432,752,193,1377
2010-11-16,398,780,180,1358
2010-11-17,463,848,177,1488
2010-11-18,479,914,173,1566
2010-11-19,464,934,182,1580
2010-11-20,413,946,148,1507
2010-11-21,351,698,135,1184
2010-11-22,423,689,171,1283
2010-11-23,414,825,163,1402
2010-11-24,455,849,172,1476
2010-11-25,276,523,114,913
2010-11-26,427,882,116,1425
2010-11-27,372,845,131,1348
2010-11-28,353,707,117,1177
2010-11-29,398,706,187,1291
2010-11-30,434,724,145,1303
2010-12-01,496,867,164,1527
2010-12-02,385,826,151,1362
2010-12-03,441,880,169,1490
2010-12-04,434,791,124,1349
2010-12-05,347,623,118,1088
2010-12-06,371,623,152,1146
2010-12-07,409,718,144,1271
2010-12-08,377,763,139,1279
2010-12-09,374,715,154,1243
2010-12-10,449,845,172,1466
2010-12-11,427,812,135,1374
2010-12-12,307,619,114,1040
2010-12-13,387,675,149,1211
2010-12-14,353,732,137,1222
2010-12-15,408,714,144,1266
2010-12-16,424,705,134,1263
2010-12-17,470,881,163,1514
2010-12-18,397,809,135,1341
2010-12-19,342,646,139,1127
2010-12-20,374,678,146,1198
2010-12-21,418,789,119,1326
2010-12-22,416,739,152,1307
2010-12-23,428,766,118,1312
2010-12-24,392,631,121,1144
2010-12-25,227,420,114,761
2010-12-26,224,350,71,645
2010-12-27,164,214,71,449
2010-12-28,227,448,113,788
2010-12-29,288,549,123,960
2010-12-30,414,593,116,1123
2010-12-31,426,592,121,1139
2011-01-01,710,1340,201,2251
2011-01-02,301,560,134,995
2011-01-03,352,633,153,1138
2011-01-04,386,747,166,1299
2011-01-05,396,801,166,1363
2011-01-06,417,788,151,1356
2011-01-07,404,805,122,1331
2011-01-08,332,733,118,1183
2011-01-09,291,586,134,1011
2011-01-10,361,685,145,1191
2011-01-11,418,732,145,1295
2011-01-12,290,624,131,1045
2011-01-13,359,758,133,1250
2011-01-14,432,792,135,1359
2011-01-15,410,846,134,1390
2011-01-16,323,655,138,1116
2011-01-17,327,636,118,1081
2011-01-18,367,723,124,1214
2011-01-19,411,822,152,1385
2011-01-20,413,827,179,1419
2011-01-21,390,838,144,1372
2011-01-22,345,759,117,1221
2011-01-23,332,577,126,1035
2011-01-24,318,616,137,1071
2011-01-25,363,740,134,1237
2011-01-26,338,622,110,1070
2011-01-27,250,561,134,945
2011-01-28,370,739,137,1246
2011-01-29,331,728,142,1201
2011-01-30,323,648,102,1073
2011-01-31,309,644,143,1096
2011-02-01,438,876,187,1501
2011-02-02,312,727,126,1165
2011-02-03,374,789,156,1319
2011-02-04,422,889,148,1459
2011-02-05,370,780,124,1274
2011-02-06,327,649,128,1104
2011-02-07,376,687,149,1212
2011-02-08,367,694,161,1222
2011-02-09,396,785,152,1333
2011-02-10,385,873,153,1411
2011-02-11,415,951,160,1526
2011-02-12,358,874,134,1366
2011-02-13,327,698,108,1133
2011-02-14,320,761,154,1235
2011-02-15,401,855,169,1425
2011-02-16,401,902,148,1451
2011-02-17,429,903,159,1491
2011-02-18,418,988,163,1569
2011-02-19,353,824,113,1290
2011-02-20,302,720,107,1129
2011-02-21,311,668,88,1067
2011-02-22,343,763,127,1233
2011-02-23,348,796,109,1253
2011-02-24,356,777,131,1264
2011-02-25,362,822,140,1324
2011-02-26,360,859,136,1355
2011-02-27,320,785,123,1228
2011-02-28,313,716,154,1183
2011-03-01,466,1036,181,1683
2011-03-02,392,865,187,1444
2011-03-03,356,823,143,1322
2011-03-04,410,952,137,1499
2011-03-05,415,901,126,1442
2011-03-06,281,682,111,1074
2011-03-07,300,717,146,1163
2011-03-08,360,838,161,1359
2011-03-09,381,876,144,1401
2011-03-10,354,799,149,1302
2011-03-11,478,931,160,1569
2011-03-12,421,945,139,1505
2011-03-13,310,701,151,1162
2011-03-14,356,745,139,1240
2011-03-15,434,907,139,1480
2011-03-16,364,830,137,1331
2011-03-17,408,843,138,1389
2011-03-18,419,979,181,1579
2011-03-19,414,867,124,1405
2011-03-20,327,761,146,1234
2011-03-21,354,648,144,1146
2011-03-22,396,835,166,1397
2011-03-23,354,770,136,1260
2011-03-24,417,798,150,1365
2011-03-25,395,959,161,1515
2011-03-26,340,769,147,1256
2011-03-27,312,683,131,1126
2011-03-28,365,732,145,1242
2011-03-29,332,714,145,1191
2011-03-30,403,808,146,1357
2011-03-31,377,761,168,1306
2011-04-01,517,985,177,1679
2011-04-02,402,897,135,1434
2011-04-03,321,790,133,1244
2011-04-04,356,749,179,1284
2011-04-05,362,842,162,1366
2011-04-06,404,897,152,1453
2011-04-07,426,891,146,1463
2011-04-08,442,866,161,1469
2011-04-09,420,930,122,1472
2011-04-10,349,752,135,1236
2011-04-11,404,794,141,1339
2011-04-12,389,760,132,1281
2011-04-13,408,774,163,1345
2011-04-14,454,921,174,1549
2011-04-15,488,970,157,1615
2011-04-16,338,754,121,1213
2011-04-17,356,706,128,1190
2011-04-18,375,781,139,1295
2011-04-19,365,756,124,1245
2011-04-20,376,880,155,1411
2011-04-21,361,887,136,1384
2011-04-22,407,862,126,1395
2011-04-23,363,790,131,1284
2011-04-24,336,677,132,1145
2011-04-25,354,703,146,1203
2011-04-26,382,824,168,1374
2011-04-27,414,838,174,1426
2011-04-28,387,835,137,1359
2011-04-29,457,878,184,1519
2011-04-30,399,790,169,1358
2011-05-01,450,847,167,1464
2011-05-02,374,755,158,1287
2011-05-03,399,901,162,1462
2011-05-04,372,814,137,1323
2011-05-05,418,797,164,1379
2011-05-06,480,884,180,1544
2011-05-07,380,833,149,1362
2011-05-08,346,680,140,1166
2011-05-09,421,783,175,1379
2011-05-10,433,922,195,1550
2011-05-11,463,901,178,1542
2011-05-12,425,931,199,1555
2011-05-13,493,967,149,1609
2011-05-14,384,823,129,1336
2011-05-15,345,768,141,1254
2011-05-16,358,730,190,1278
2011-05-17,417,734,149,1300
2011-05-18,397,883,148,1428
2011-05-19,431,913,168,1512
2011-05-20,488,988,178,1654
2011-05-21,411,881,157,1449
2011-05-22,330,757,156,1243
2011-05-23,392,765,161,1318
2011-05-24,405,901,173,1479
2011-05-25,435,916,168,1519
2011-05-26,422,867,173,1462
2011-05-27,452,985,162,1599
2011-05-28,396,898,133,1427
2011-05-29,363,725,143,1231
2011-05-30,372,724,152,1248
2011-05-31,358,822,174,1354
2011-06-01,560,1138,228,1926
2011-06-02,426,845,170,1441
2011-06-03,423,961,195,1579
2011-06-04,421,944,174,1539
2011-06-05,349,794,143,1286
2011-06-06,375,727,180,1282
2011-06-07,415,874,171,1460
2011-06-08,410,889,147,1446
2011-06-09,392,814,129,1335
2011-06-10,453,874,201,1528
2011-06-11,399,822,132,1353
2011-06-12,354,794,161,1309
2011-06-13,424,750,163,1337
2011-06-14,426,839,170,1435
2011-06-15,466,987,181,1634
2011-06-16,429,932,177,1538
2011-06-17,408,878,171,1457
2011-06-18,434,846,156,1436
2011-06-19,363,778,199,1340
2011-06-20,409,800,187,1396
2011-06-21,459,845,186,1490
2011-06-22,450,882,163,1495
2011-06-23,417,900,148,1465
2011-06-24,456,905,166,1527
2011-06-25,474,926,151,1551
2011-06-26,376,823,149,1348
2011-06-27,433,777,177,1387
2011-06-28,481,900,180,1561
2011-06-29,434,826,172,1432
2011-06-30,437,842,168,1447
2011-07-01,548,1043,187,1778
2011-07-02,448,860,137,1445
2011-07-03,347,747,140,1234
2011-07-04,388,862,161,1411
2011-07-05,473,899,189,1561
2011-07-06,397,845,168,1410
2011-07-07,450,826,153,1429
2011-07-08,436,904,133,1473
2011-07-09,418,791,162,1371
2011-07-10,350,851,196,1397
2011-07-11,381,772,169,1322
2011-07-12,421,1004,193,1618
2011-07-13,424,904,173,1501
2011-07-14,478,914,159,1551
2011-07-15,475,1011,169,1655
2011-07-16,408,892,152,1452
2011-07-17,408,789,170,1367
2011-07-18,415,759,151,1325
2011-07-19,369,857,189,1415
2011-07-20,429,893,191,1513
2011-07-21,410,891,156,1457
2011-07-22,424,871,151,1446
2011-07-23,432,796,155,1383
2011-07-24,391,828,157,1376
2011-07-25,436,744,161,1341
2011-07-26,480,844,168,1492
2011-07-27,422,913,165,1500
2011-07-28,466,840,149,1455
2011-07-29,432,849,130,1411
2011-07-30,429,883,152,1464
2011-07-31,415,763,136,1314
2011-08-01,520,973,174,1667
2011-08-02,411,826,164,1401
2011-08-03,416,830,145,1391
2011-08-04,459,832,168,1459
2011-08-05,461,917,156,1534
2011-08-06,427,843,127,1397
2011-08-07,387,743,159,1289
2011-08-08,397,720,163,1280
2011-08-09,417,766,157,1340
2011-08-10,433,932,168,1533
2011-08-11,441,912,172,1525
2011-08-12,465,900,144,1509
2011-08-13,455,878,139,1472
2011-08-14,314,602,119,1035
2011-08-15,444,954,166,1564
2011-08-16,423,791,152,1366
2011-08-17,455,794,158,1407
2011-08-18,414,829,130,1373
2011-08-19,480,842,142,1464
2011-08-20,432,921,165,1518
2011-08-21,396,742,155,1293
2011-08-22,410,929,178,1517
2011-08-23,457,819,157,1433
2011-08-24,458,827,153,1438
2011-08-25,414,853,135,1402
2011-08-26,484,800,140,1424
2011-08-27,395,524,105,1024
2011-08-28,228,423,87,738
2011-08-29,401,790,157,1348
2011-08-30,447,813,177,1437
2011-08-31,412,779,161,1352
2011-09-01,541,1032,191,1764
2011-09-02,458,859,144,1461
2011-09-03,431,857,144,1432
2011-09-04,436,706,169,1311
2011-09-05,433,727,138,1298
2011-09-06,366,640,132,1138
2011-09-07,375,665,128,1168
2011-09-08,425,739,184,1348
2011-09-09,444,867,204,1515
2011-09-10,425,798,171,1394
2011-09-11,375,663,145,1183
2011-09-12,406,679,173,1258
2011-09-13,447,756,165,1368
2011-09-14,408,868,193,1469
2011-09-15,415,810,194,1419
2011-09-16,441,887,147,1475
2011-09-17,394,768,121,1283
2011-09-18,358,671,145,1174
2011-09-19,437,731,142,1310
2011-09-20,427,761,170,1358
2011-09-21,445,900,170,1515
2011-09-22,456,852,159,1467
2011-09-23,453,812,147,1412
2011-09-24,413,830,149,1392
2011-09-25,420,773,187,1380
2011-09-26,447,728,187,1362
2011-09-27,447,851,182,1480
2011-09-28,422,876,178,1476
2011-09-29,445,778,131,1354
2011-09-30,460,821,150,1431
2011-10-01,465,988,178,1631
2011-10-02,347,666,157,1170
2011-10-03,388,653,163,1204
2011-10-04,378,776,149,1303
2011-10-05,461,858,143,1462
2011-10-06,392,808,161,1361
2011-10-07,478,912,157,1547
2011-10-08,377,851,131,1359
2011-10-09,363,788,128,1279
2011-10-10,399,760,165,1324
2011-10-11,453,835,149,1437
2011-10-12,398,793,155,1346
2011-10-13,445,806,163,1414
2011-10-14,412,810,156,1378
2011-10-15,432,684,153,1269
2011-10-16,392,721,129,1242
2011-10-17,390,748,186,1324
2011-10-18,403,866,152,1421
2011-10-19,414,818,145,1377
2011-10-20,483,933,143,1559
2011-10-21,477,919,159,1555
2011-10-22,441,811,145,1397
2011-10-23,360,739,152,1251
2011-10-24,415,742,149,1306
2011-10-25,422,773,149,1344
2011-10-26,452,814,144,1410
2011-10-27,403,665,147,1215
2011-10-28,506,821,148,1475
2011-10-29,353,624,120,1097
2011-10-30,338,650,122,1110
2011-10-31,447,787,154,1388
2011-11-01,537,983,198,1718
2011-11-02,404,800,165,1369
2011-11-03,410,853,159,1422
2011-11-04,457,893,163,1513
2011-11-05,426,846,120,1392
2011-11-06,317,698,139,1154
2011-11-07,432,889,187,1508
2011-11-08,368,780,145,1293
2011-11-09,424,882,165,1471
2011-11-10,447,878,159,1484
2011-11-11,433,837,132,1402
2011-11-12,386,859,145,1390
2011-11-13,376,701,134,1211
2011-11-14,414,794,165,1373
2011-11-15,441,809,161,1411
2011-11-16,399,752,144,1295
2011-11-17,414,768,166,1348
2011-11-18,425,899,131,1455
2011-11-19,418,863,139,1420
2011-11-20,341,743,146,1230
2011-11-21,446,713,160,1319
2011-11-22,443,779,137,1359
2011-11-23,490,781,134,1405
2011-11-24,292,498,106,896
2011-11-25,448,926,140,1514
2011-11-26,431,821,118,1370
2011-11-27,375,762,125,1262
2011-11-28,441,800,184,1425
2011-11-29,421,754,168,1343
2011-11-30,439,818,161,1418
2011-12-01,482,935,183,1600
2011-12-02,474,847,159,1480
2011-12-03,373,852,129,1354
2011-12-04,361,688,124,1173
2011-12-05,460,750,139,1349
2011-12-06,433,717,135,1285
2011-12-07,401,753,142,1296
2011-12-08,407,769,135,1311
2011-12-09,460,896,164,1520
2011-12-10,443,885,131,1459
2011-12-11,343,586,109,1038
2011-12-12,418,706,182,1306
2011-12-13,414,757,168,1339
2011-12-14,450,844,136,1430
2011-12-15,507,837,184,1528
2011-12-16,472,928,148,1548
2011-12-17,404,783,125,1312
2011-12-18,336,561,123,1020
2011-12-19,397,633,156,1186
2011-12-20,475,785,162,1422
2011-12-21,468,806,142,1416
2011-12-22,464,802,155,1421
2011-12-23,490,760,161,1411
2011-12-24,363,584,135,1082
2011-12-25,244,486,117,847
2011-12-26,316,647,109,1072
2011-12-27,356,708,110,1174
2011-12-28,374,762,141,1277
2011-12-29,401,716,112,1229
2011-12-30,483,801,134,1418
2011-12-31,491,675,115,1281
2012-01-01,667,1184,174,2025
2012-01-02,322,760,131,1213
2012-01-03,384,754,144,1282
2012-01-04,350,726,143,1219
2012-01-05,409,860,174,1443
2012-01-06,448,939,156,1543
2012-01-07,382,863,142,1387
2012-01-08,335,679,149,1163
2012-01-09,413,672,137,1222
2012-01-10,415,868,144,1427
2012-01-11,402,820,141,1363
2012-01-12,407,793,161,1361
2012-01-13,448,876,158,1482
2012-01-14,355,815,112,1282
2012-01-15,310,632,133,1075
2012-01-16,327,673,125,1125
2012-01-17,425,881,132,1438
2012-01-18,380,821,151,1352
2012-01-19,416,743,153,1312
2012-01-20,473,866,154,1493
2012-01-21,324,674,108,1106
2012-01-22,295,607,139,1041
2012-01-23,411,774,157,1342
2012-01-24,423,859,164,1446
2012-01-25,434,816,167,1417
2012-01-26,409,801,164,1374
2012-01-27,488,932,148,1568
2012-01-28,433,904,164,1501
2012-01-29,364,695,143,1202
2012-01-30,394,692,133,1219
2012-01-31,403,827,131,1361
2012-02-01,524,1042,186,1752
2012-02-02,444,859,162,1465
2012-02-03,458,865,157,1480
2012-02-04,401,867,169,1437
2012-02-05,320,687,140,1147
2012-02-06,383,768,148,1299
2012-02-07,393,810,157,1360
2012-02-08,405,839,182,1426
2012-02-09,399,797,160,1356
2012-02-10,534,909,181,1624
2012-02-11,362,813,141,1316
2012-02-12,309,701,143,1153
2012-02-13,372,674,159,1205
2012-02-14,383,768,161,1312
2012-02-15,439,852,166,1457
2012-02-16,392,832,163,1387
2012-02-17,464,921,173,1558
2012-02-18,414,859,123,1396
2012-02-19,322,719,121,1162
2012-02-20,323,670,137,1130
2012-02-21,386,781,109,1276
2012-02-22,408,851,136,1395
2012-02-23,359,753,163,1275
2012-02-24,402,799,113,1314
2012-02-25,363,807,143,1313
2012-02-26,297,709,142,1148
2012-02-27,353,877,142,1372
2012-02-28,401,830,158,1389
2012-02-29,399,712,136,1247
2012-03-01,476,916,176,1568
2012-03-02,444,839,180,1463
2012-03-03,400,867,154,1421
2012-03-04,335,741,120,1196
2012-03-05,357,786,175,1318
2012-03-06,349,787,172,1308
2012-03-07,399,852,155,1406
2012-03-08,411,895,174,1480
2012-03-09,426,890,166,1482
2012-03-10,401,823,118,1342
2012-03-11,315,671,135,1121
2012-03-12,417,859,175,1451
2012-03-13,389,871,180,1440
2012-03-14,388,899,194,1481
2012-03-15,432,847,172,1451
2012-03-16,452,877,154,1483
2012-03-17,430,864,145,1439
2012-03-18,356,808,155,1319
2012-03-19,389,693,198,1280
2012-03-20,395,917,196,1508
2012-03-21,429,862,175,1466
2012-03-22,430,855,176,1461
2012-03-23,468,894,167,1529
2012-03-24,361,912,145,1418
2012-03-25,331,735,181,1247
2012-03-26,361,706,177,1244
2012-03-27,345,789,167,1301
2012-03-28,404,852,160,1416
2012-03-29,411,794,184,1389
2012-03-30,431,872,181,1484
2012-03-31,370,737,131,1238
2012-04-01,411,828,178,1417
2012-04-02,430,747,201,1378
2012-04-03,390,874,178,1442
2012-04-04,435,891,171,1497
2012-04-05,455,855,166,1476
2012-04-06,430,853,147,1430
2012-04-07,398,858,147,1403
2012-04-08,319,629,142,1090
2012-04-09,369,673,136,1178
2012-04-10,379,794,139,1312
2012-04-11,342,753,130,1225
2012-04-12,408,817,170,1395
2012-04-13,429,893,145,1467
2012-04-14,393,791,129,1313
2012-04-15,389,808,200,1397
2012-04-16,401,790,154,1345
2012-04-17,425,872,166,1463
2012-04-18,432,903,203,1538
2012-04-19,392,832,174,1398
2012-04-20,464,974,206,1644
2012-04-21,386,925,165,1476
2012-04-22,300,692,133,1125
2012-04-23,386,718,190,1294
2012-04-24,392,756,165,1313
2012-04-25,457,914,176,1547
2012-04-26,356,794,176,1326
2012-04-27,443,996,169,1608
2012-04-28,410,829,157,1396
2012-04-29,373,812,134,1319
2012-04-30,415,749,188,1352
2012-05-01,529,974,193,1696
2012-05-02,435,814,167,1416
2012-05-03,443,854,164,1461
2012-05-04,473,936,185,1594
2012-05-05,418,859,141,1418
2012-05-06,380,797,162,1339
2012-05-07,389,736,159,1284
2012-05-08,458,831,182,1471
2012-05-09,442,849,191,1482
2012-05-10,449,891,175,1515
2012-05-11,494,916,177,1587
2012-05-12,414,935,164,1513
2012-05-13,345,720,169,1234
2012-05-14,380,748,151,1279
2012-05-15,439,787,176,1402
2012-05-16,471,886,194,1551
2012-05-17,449,929,167,1545
2012-05-18,476,902,200,1578
2012-05-19,448,834,181,1463
2012-05-20,394,838,171,1403
2012-05-21,395,764,156,1315
2012-05-22,414,887,177,1478
2012-05-23,442,873,183,1498
2012-05-24,424,763,176,1363
2012-05-25,478,929,197,1604
2012-05-26,462,822,154,1438
2012-05-27,374,732,143,1249
2012-05-28,368,702,158,1228
2012-05-29,439,856,178,1473
2012-05-30,451,849,187,1487
2012-05-31,469,781,190,1440
2012-06-01,581,1085,240,1906
2012-06-02,389,815,180,1384
2012-06-03,385,805,169,1359
2012-06-04,388,669,162,1219
2012-06-05,439,839,170,1448
2012-06-06,428,878,181,1487
2012-06-07,434,800,167,1401
2012-06-08,433,915,184,1532
2012-06-09,427,856,148,1431
2012-06-10,401,819,205,1425
2012-06-11,411,743,190,1344
2012-06-12,446,777,193,1416
2012-06-13,452,847,162,1461
2012-06-14,463,798,152,1413
2012-06-15,527,926,196,1649
2012-06-16,467,837,168,1472
2012-06-17,351,734,153,1238
2012-06-18,408,774,176,1358
2012-06-19,440,837,140,1417
2012-06-20,443,865,179,1487
2012-06-21,439,773,158,1370
2012-06-22,467,850,149,1466
2012-06-23,448,872,130,1450
2012-06-24,458,806,166,1430
2012-06-25,423,729,168,1320
2012-06-26,397,773,184,1354
2012-06-27,455,905,197,1557
2012-06-28,416,867,163,1446
2012-06-29,465,857,175,1497
2012-06-30,436,809,157,1402
2012-07-01,533,935,182,1650
2012-07-02,416,754,174,1344
2012-07-03,457,900,174,1531
2012-07-04,483,909,149,1541
2012-07-05,478,867,169,1514
2012-07-06,488,855,155,1498
2012-07-07,458,831,147,1436
2012-07-08,393,752,186,1331
2012-07-09,431,775,165,1371
2012-07-10,438,831,194,1463
2012-07-11,442,842,200,1484
2012-07-12,477,928,169,1574
2012-07-13,448,909,205,1562
2012-07-14,464,953,168,1585
2012-07-15,436,784,164,1384
2012-07-16,425,737,196,1358
2012-07-17,455,850,160,1465
2012-07-18,452,839,174,1465
2012-07-19,443,822,183,1448
2012-07-20,458,831,150,1439
2012-07-21,453,871,156,1480
2012-07-22,401,839,164,1404
2012-07-23,416,727,163,1306
2012-07-24,445,815,167,1427
2012-07-25,455,926,187,1568
2012-07-26,454,825,145,1424
2012-07-27,438,908,153,1499
2012-07-28,471,871,147,1489
2012-07-29,381,798,165,1344
2012-07-30,459,704,160,1323
2012-07-31,479,814,178,1471
2012-08-01,503,926,203,1632
2012-08-02,465,894,195,1554
2012-08-03,447,922,190,1559
2012-08-04,487,876,154,1517
2012-08-05,402,808,150,1360
2012-08-06,430,754,181,1365
2012-08-07,489,815,165,1469
2012-08-08,487,898,162,1547
2012-08-09,467,894,171,1532
2012-08-10,493,864,163,1520
2012-08-11,450,962,175,1587
2012-08-12,460,880,185,1525
2012-08-13,397,777,162,1336
2012-08-14,418,841,160,1419
2012-08-15,468,797,157,1422
2012-08-16,464,909,163,1536
2012-08-17,520,899,172,1591
2012-08-18,410,810,157,1377
2012-08-19,393,810,133,1336
2012-08-20,476,805,189,1470
2012-08-21,425,868,155,1448
2012-08-22,441,817,168,1426
2012-08-23,466,890,161,1517
2012-08-24,501,924,201,1626
2012-08-25,415,905,162,1482
2012-08-26,415,796,179,1390
2012-08-27,402,705,148,1255
2012-08-28,437,818,164,1419
2012-08-29,450,823,163,1436
2012-08-30,451,848,149,1448
2012-08-31,466,818,152,1436
2012-09-01,588,1055,185,1828
2012-09-02,386,803,146,1335
2012-09-03,418,812,152,1382
2012-09-04,431,747,152,1330
2012-09-05,420,785,175,1380
2012-09-06,388,809,179,1376
2012-09-07,508,838,181,1527
2012-09-08,414,852,145,1411
2012-09-09,394,721,206,1321
2012-09-10,396,720,165,1281
2012-09-11,396,793,172,1361
2012-09-12,482,905,157,1544
2012-09-13,418,887,166,1471
2012-09-14,465,885,200,1550
2012-09-15,451,945,175,1571
2012-09-16,350,725,142,1217
2012-09-17,425,749,169,1343
2012-09-18,437,710,118,1265
2012-09-19,399,807,179,1385
2012-09-20,439,896,163,1498
2012-09-21,467,935,193,1595
2012-09-22,485,897,157,1539
2012-09-23,419,763,155,1337
2012-09-24,393,683,167,1243
2012-09-25,438,854,187,1479
2012-09-26,438,806,152,1396
2012-09-27,476,803,152,1431
2012-09-28,510,774,202,1486
2012-09-29,444,823,177,1444
2012-09-30,373,724,150,1247
2012-10-01,513,892,212,1617
2012-10-02,471,732,161,1364
2012-10-03,488,929,156,1573
2012-10-04,497,849,170,1516
2012-10-05,523,977,181,1681
2012-10-06,435,924,162,1521
2012-10-07,361,700,131,1192
2012-10-08,337,694,161,1192
2012-10-09,409,787,181,1377
2012-10-10,448,790,139,1377
2012-10-11,448,832,145,1425
2012-10-12,491,869,151,1511
2012-10-13,447,831,120,1398
2012-10-14,376,703,150,1229
2012-10-15,452,709,158,1319
2012-10-16,439,741,155,1335
2012-10-17,411,899,146,1456
2012-10-18,474,861,152,1487
2012-10-19,444,870,176,1490
2012-10-20,481,931,179,1591
2012-10-21,374,661,160,1195
2012-10-22,385,726,193,1304
2012-10-23,424,756,187,1367
2012-10-24,440,765,141,1346
2012-10-25,421,748,164,1333
2012-10-26,473,783,179,1435
2012-10-27,446,828,132,1406
2012-10-28,435,627,106,1168
2012-10-29,304,386,71,761
2012-10-30,312,405,113,830
2012-10-31,361,577,134,1072
2012-11-01,430,671,135,1236
2012-11-02,368,538,109,1015
2012-11-03,363,554,143,1060
2012-11-04,349,563,148,1060
2012-11-05,373,514,134,1021
2012-11-06,336,493,125,954
2012-11-07,302,472,103,877
2012-11-08,357,574,110,1041
2012-11-09,445,719,130,1294
2012-11-10,417,736,141,1294
2012-11-11,366,663,134,1163
2012-11-12,378,682,137,1197
2012-11-13,416,618,165,1199
2012-11-14,426,723,147,1296
2012-11-15,464,755,167,1386
2012-11-16,479,788,140,1407
2012-11-17,393,726,125,1244
2012-11-18,372,628,126,1126
2012-11-19,412,638,150,1200
2012-11-20,430,777,157,1364
2012-11-21,480,723,157,1360
2012-11-22,281,502,114,897
2012-11-23,430,729,141,1300
2012-11-24,387,732,126,1245
2012-11-25,335,569,133,1037
2012-11-26,417,628,145,1190
2012-11-27,373,642,144,1159
2012-11-28,458,732,138,1328
2012-11-29,387,808,148,1343
2012-11-30,528,847,172,1547
2012-12-01,481,995,140,1616
2012-12-02,395,679,152,1226
2012-12-03,398,684,165,1247
2012-12-04,426,720,163,1309
2012-12-05,427,778,158,1363
2012-12-06,384,714,161,1259
2012-12-07,419,768,147,1334
2012-12-08,427,903,148,1478
2012-12-09,394,694,127,1215
2012-12-10,453,703,180,1336
2012-12-11,431,713,134,1278
2012-12-12,451,776,153,1380
2012-12-13,393,730,153,1276
2012-12-14,508,825,169,1502
2012-12-15,432,839,143,1414
2012-12-16,342,654,138,1134
2012-12-17,433,632,154,1219
2012-12-18,388,692,150,1230
2012-12-19,462,794,133,1389
2012-12-20,505,778,152,1435
2012-12-21,443,749,149,1341
2012-12-22,382,771,98,1251
2012-12-23,423,706,117,1246
2012-12-24,343,577,113,1033
2012-12-25,228,438,120,786
2012-12-26,301,611,87,999
2012-12-27,386,674,101,1161
2012-12-28,403,792,125,1320
2012-12-29,391,711,96,1198
2012-12-30,352,600,109,1061
2012-12-31,430,639,121,1190
2013-01-01,648,1186,193,2027
2013-01-02,380,673,135,1188
2013-01-03,376,741,159,1276
2013-01-04,463,850,166,1479
2013-01-05,423,803,135,1361
2013-01-06,365,626,120,1111
2013-01-07,378,653,165,1196
2013-01-08,377,740,203,1320
2013-01-09,459,786,150,1395
2013-01-10,446,790,169,1405
2013-01-11,441,809,162,1412
2013-01-12,384,848,134,1366
2013-01-13,356,724,170,1250
2013-01-14,403,688,184,1275
2013-01-15,357,791,169,1317
2013-01-16,405,691,142,1238
2013-01-17,396,885,148,1429
2013-01-18,446,767,142,1355
2013-01-19,416,781,135,1332
2013-01-20,328,700,138,1166
2013-01-21,287,581,140,1008
2013-01-22,363,594,133,1090
2013-01-23,354,615,128,1097
2013-01-24,376,648,128,1152
2013-01-25,403,765,144,1312
2013-01-26,350,722,138,1210
2013-01-27,338,595,137,1070
2013-01-28,371,574,152,1097
2013-01-29,421,680,177,1278
2013-01-30,427,765,155,1347
2013-01-31,399,759,183,1341
2013-02-01,528,970,175,1673
2013-02-02,412,785,149,1346
2013-02-03,308,626,131,1065
2013-02-04,359,623,154,1136
2013-02-05,380,693,165,1238
2013-02-06,396,700,156,1252
2013-02-07,380,767,149,1296
2013-02-08,375,619,118,1112
2013-02-09,248,546,121,915
2013-02-10,292,593,140,1025
2013-02-11,342,620,133,1095
2013-02-12,392,786,164,1342
2013-02-13,425,790,159,1374
2013-02-14,389,741,160,1290
2013-02-15,463,895,179,1537
2013-02-16,352,804,159,1315
2013-02-17,337,626,133,1096
2013-02-18,304,637,139,1080
2013-02-19,354,660,132,1146
2013-02-20,397,738,136,1271
2013-02-21,355,755,154,1264
2013-02-22,417,839,162,1418
2013-02-23,387,791,117,1295
2013-02-24,346,693,118,1157
2013-02-25,329,693,167,1189
2013-02-26,360,748,136,1244
2013-02-27,399,736,148,1283
2013-02-28,370,778,163,1311
2013-03-01,559,952,188,1699
2013-03-02,365,773,154,1292
2013-03-03,327,629,149,1105
2013-03-04,358,635,140,1133
2013-03-05,380,758,150,1288
2013-03-06,382,700,144,1226
2013-03-07,374,694,152,1220
2013-03-08,431,713,125,1269
2013-03-09,364,864,126,1354
2013-03-10,316,728,142,1186
2013-03-11,374,699,153,1226
2013-03-12,334,696,142,1172
2013-03-13,445,872,164,1481
2013-03-14,385,747,162,1294
2013-03-15,467,836,158,1461
2013-03-16,351,779,127,1257
2013-03-17,333,702,137,1172
2013-03-18,346,634,169,1149
2013-03-19,344,716,149,1209
2013-03-20,406,755,145,1306
2013-03-21,382,680,151,1213
2013-03-22,441,812,143,1396
2013-03-23,395,798,129,1322
2013-03-24,339,683,150,1172
2013-03-25,337,605,160,1102
2013-03-26,366,770,132,1268
2013-03-27,350,790,143,1283
2013-03-28,412,764,154,1330
2013-03-29,379,774,130,1283
2013-03-30,384,755,135,1274
2013-03-31,316,575,145,1036
2013-04-01,453,805,154,1412
2013-04-02,378,660,140,1178
2013-04-03,380,748,165,1293
2013-04-04,402,755,167,1324
2013-04-05,436,825,173,1434
2013-04-06,384,748,132,1264
2013-04-07,298,709,119,1126
2013-04-08,387,718,161,1266
2013-04-09,409,811,164,1384
2013-04-10,433,856,175,1464
2013-04-11,423,778,183,1384
2013-04-12,431,780,151,1362
2013-04-13,421,858,141,1420
2013-04-14,354,652,143,1149
2013-04-15,443,732,162,1337
2013-04-16,423,809,154,1386
2013-04-17,435,793,176,1404
2013-04-18,426,817,174,1417
2013-04-19,469,826,169,1464
2013-04-20,371,843,150,1364
2013-04-21,337,719,153,1209
2013-04-22,371,667,136,1174
2013-04-23,383,745,142,1270
2013-04-24,416,870,165,1451
2013-04-25,427,850,175,1452
2013-04-26,430,904,164,1498
2013-04-27,405,914,127,1446
2013-04-28,342,708,134,1184
2013-04-29,405,682,148,1235
2013-04-30,397,774,181,1352
2013-05-01,568,947,191,1706
2013-05-02,423,824,172,1419
2013-05-03,472,864,145,1481
2013-05-04,444,757,153,1354
2013-05-05,367,743,169,1279
2013-05-06,398,663,166,1227
2013-05-07,471,814,170,1455
2013-05-08,403,789,136,1328
2013-05-09,438,745,170,1353
2013-05-10,519,906,167,1592
2013-05-11,433,823,129,1385
2013-05-12,378,773,173,1324
2013-05-13,380,716,169,1265
2013-05-14,399,768,173,1340
2013-05-15,431,877,207,1515
2013-05-16,434,850,179,1463
2013-05-17,456,877,174,1507
2013-05-18,414,769,145,1328
2013-05-19,311,662,132,1105
2013-05-20,402,780,176,1358
2013-05-21,418,839,187,1444
2013-05-22,449,850,207,1506
2013-05-23,444,764,169,1377
2013-05-24,422,838,168,1428
2013-05-25,384,761,153,1298
2013-05-26,344,733,136,1213
2013-05-27,314,776,155,1245
2013-05-28,374,749,164,1287
2013-05-29,438,746,125,1309
2013-05-30,403,798,146,1347
2013-05-31,447,788,171,1406
2013-06-01,494,944,176,1614
2013-06-02,393,746,173,1312
2013-06-03,450,688,176,1314
2013-06-04,486,842,190,1518
2013-06-05,446,852,176,1474
2013-06-06,438,764,157,1359
2013-06-07,416,721,165,1302
2013-06-08,401,718,156,1275
2013-06-09,408,803,139,1350
2013-06-10,412,654,138,1204
2013-06-11,379,764,161,1304
2013-06-12,453,891,196,1540
2013-06-13,402,748,156,1306
2013-06-14,458,834,167,1459
2013-06-15,478,943,165,1586
2013-06-16,374,770,153,1297
2013-06-17,412,755,179,1346
2013-06-18,401,759,145,1305
2013-06-19,415,781,157,1353
2013-06-20,445,829,173,1447
2013-06-21,482,838,156,1476
2013-06-22,463,877,162,1502
2013-06-23,404,765,184,1353
2013-06-24,441,696,156,1293
2013-06-25,463,800,159,1422
2013-06-26,472,896,181,1549
2013-06-27,450,816,183,1449
2013-06-28,510,807,199,1516
2013-06-29,480,841,154,1475
2013-06-30,408,784,132,1324
2013-07-01,505,840,185,1530
2013-07-02,420,821,152,1393
2013-07-03,450,808,162,1420
2013-07-04,416,831,161,1408
2013-07-05,473,876,174,1523
2013-07-06,457,753,155,1365
2013-07-07,407,829,176,1412
2013-07-08,440,776,172,1388
2013-07-09,447,835,173,1455
2013-07-10,467,860,167,1494
2013-07-11,475,845,156,1476
2013-07-12,449,761,159,1369
2013-07-13,420,826,153,1399
2013-07-14,407,758,165,1330
2013-07-15,439,785,179,1403
2013-07-16,456,814,166,1436
2013-07-17,475,819,180,1474
2013-07-18,433,775,169,1377
2013-07-19,500,816,165,1481
2013-07-20,486,882,160,1528
2013-07-21,430,821,163,1414
2013-07-22,410,750,171,1331
2013-07-23,454,743,182,1379
2013-07-24,494,861,187,1542
2013-07-25,509,834,159,1502
2013-07-26,502,810,173,1485
2013-07-27,476,860,166,1502
2013-07-28,431,739,183,1353
2013-07-29,433,712,177,1322
2013-07-30,456,783,163,1402
2013-07-31,412,870,165,1447
2013-08-01,477,889,172,1538
2013-08-02,474,871,205,1550
2013-08-03,470,850,168,1488
2013-08-04,403,738,140,1281
2013-08-05,425,744,163,1332
2013-08-06,423,808,186,1417
2013-08-07,410,806,158,1374
2013-08-08,437,776,170,1383
2013-08-09,499,852,170,1521
2013-08-10,471,870,178,1519
2013-08-11,426,838,154,1418
2013-08-12,403,725,182,1310
2013-08-13,416,835,148,1399
2013-08-14,485,926,163,1574
2013-08-15,482,825,156,1463
2013-08-16,490,889,174,1553
2013-08-17,439,865,151,1455
2013-08-18,425,741,168,1334
2013-08-19,413,719,137,1269
2013-08-20,420,793,167,1380
2013-08-21,432,796,164,1392
2013-08-22,434,765,160,1359
2013-08-23,468,910,177,1555
2013-08-24,512,918,162,1592
2013-08-25,381,761,161,1303
2013-08-26,442,698,169,1309
2013-08-27,426,785,168,1379
2013-08-28,483,792,176,1451
2013-08-29,425,788,152,1365
2013-08-30,544,818,163,1525
2013-08-31,483,813,174,1470
2013-09-01,541,905,192,1638
2013-09-02,402,795,160,1357
2013-09-03,411,771,216,1398
2013-09-04,460,822,162,1444
2013-09-05,437,807,177,1421
2013-09-06,456,796,163,1415
2013-09-07,438,880,177,1495
2013-09-08,379,788,159,1326
2013-09-09,417,727,172,1316
2013-09-10,433,748,194,1375
2013-09-11,422,837,190,1449
2013-09-12,473,778,153,1404
2013-09-13,504,866,165,1535
2013-09-14,430,815,155,1400
2013-09-15,430,831,159,1420
2013-09-16,418,715,155,1288
2013-09-17,406,819,171,1396
2013-09-18,448,807,172,1427
2013-09-19,490,865,184,1539
2013-09-20,558,924,197,1679
2013-09-21,454,828,176,1458
2013-09-22,402,741,160,1303
2013-09-23,459,740,171,1370
2013-09-24,430,802,179,1411
2013-09-25,434,841,222,1497
2013-09-26,442,815,201,1458
2013-09-27,495,907,195,1597
2013-09-28,439,907,165,1511
2013-09-29,404,848,179,1431
2013-09-30,473,775,184,1432
2013-10-01,540,933,221,1694
2013-10-02,461,856,193,1510
2013-10-03,490,864,213,1567
2013-10-04,531,971,207,1709
2013-10-05,489,868,175,1532
2013-10-06,414,781,175,1370
2013-10-07,419,722,185,1326
2013-10-08,419,819,175,1413
2013-10-09,468,807,151,1426
2013-10-10,462,849,165,1476
2013-10-11,483,879,190,1552
2013-10-12,449,901,189,1539
2013-10-13,386,782,151,1319
2013-10-14,377,700,162,1239
2013-10-15,459,833,168,1460
2013-10-16,432,765,154,1351
2013-10-17,475,796,196,1467
2013-10-18,500,768,177,1445
2013-10-19,454,751,168,1373
2013-10-20,406,774,141,1321
2013-10-21,433,751,164,1348
2013-10-22,394,780,163,1337
2013-10-23,474,770,170,1414
2013-10-24,408,774,179,1361
2013-10-25,503,797,173,1473
2013-10-26,428,779,162,1369
2013-10-27,364,693,176,1233
2013-10-28,408,761,176,1345
2013-10-29,424,739,177,1340
2013-10-30,464,836,192,1492
2013-10-31,526,850,186,1562
2013-11-01,578,994,246,1818
2013-11-02,479,851,169,1499
2013-11-03,336,702,172,1210
2013-11-04,354,659,170,1183
2013-11-05,394,685,168,1247
2013-11-06,398,773,183,1354
2013-11-07,404,792,179,1375
2013-11-08,475,870,160,1505
2013-11-09,432,850,149,1431
2013-11-10,404,768,136,1308
2013-11-11,365,637,157,1159
2013-11-12,412,725,143,1280
2013-11-13,411,799,178,1388
2013-11-14,448,834,199,1481
2013-11-15,531,893,188,1612
2013-11-16,463,872,164,1499
2013-11-17,391,741,171,1303
2013-11-18,477,755,161,1393
2013-11-19,399,719,165,1283
2013-11-20,449,764,177,1390
2013-11-21,405,786,155,1346
2013-11-22,513,900,154,1567
2013-11-23,442,846,160,1448
2013-11-24,325,597,142,1064
2013-11-25,392,675,181,1248
2013-11-26,416,659,155,1230
2013-11-27,458,676,137,1271
2013-11-28,322,530,123,975
2013-11-29,396,761,143,1300
2013-11-30,432,751,117,1300
2013-12-01,453,803,175,1431
2013-12-02,428,702,173,1303
2013-12-03,405,747,162,1314
2013-12-04,441,813,175,1429
2013-12-05,457,795,197,1449
2013-12-06,451,818,142,1411
2013-12-07,417,829,154,1400
2013-12-08,367,648,153,1168
2013-12-09,433,615,173,1221
2013-12-10,416,725,152,1293
2013-12-11,469,670,148,1287
2013-12-12,413,671,135,1219
2013-12-13,509,761,141,1411
2013-12-14,394,653,133,1180
2013-12-15,364,596,132,1092
2013-12-16,423,594,136,1153
2013-12-17,393,647,140,1180
2013-12-18,453,709,132,1294
2013-12-19,437,758,154,1349
2013-12-20,490,841,179,1510
2013-12-21,480,818,135,1433
2013-12-22,442,713,161,1316
2013-12-23,418,691,130,1239
2013-12-24,400,661,151,1212
2013-12-25,275,462,135,872
2013-12-26,363,720,101,1184
2013-12-27,432,756,145,1333
2013-12-28,438,778,137,1353
2013-12-29,351,656,113,1120
2013-12-30,408,627,121,1156
2013-12-31,369,601,139,1109
2014-01-01,626,1380,201,2207
2014-01-02,373,615,110,1098
2014-01-03,335,496,140,971
2014-01-04,301,621,128,1050
2014-01-05,295,599,120,1014
2014-01-06,395,632,122,1149
2014-01-07,333,591,133,1057
2014-01-08,412,704,140,1256
2014-01-09,446,719,164,1329
2014-01-10,469,861,169,1499
2014-01-11,436,773,139,1348
2014-01-12,360,744,144,1248
2014-01-13,419,757,144,1320
2014-01-14,428,790,154,1372
2014-01-15,477,889,196,1562
2014-01-16,445,823,168,1436
2014-01-17,499,863,165,1527
2014-01-18,413,834,147,1394
2014-01-19,368,679,133,1180
2014-01-20,360,689,132,1181
2014-01-21,318,539,133,990
2014-01-22,304,561,116,981
2014-01-23,346,592,142,1080
2014-01-24,395,777,135,1307
2014-01-25,373,772,139,1284
2014-01-26,295,647,154,1096
2014-01-27,359,598,154,1111
2014-01-28,388,670,154,1212
2014-01-29,388,662,126,1176
2014-01-30,415,711,143,1269
2014-01-31,484,749,164,1397
2014-02-01,498,955,178,1631
2014-02-02,361,729,184,1274
2014-02-03,333,605,152,1090
2014-02-04,365,651,156,1172
2014-02-05,352,646,127,1125
2014-02-06,360,717,168,1245
2014-02-07,434,807,170,1411
2014-02-08,376,779,136,1291
2014-02-09,334,682,120,1136
2014-02-10,358,633,119,1110
2014-02-11,389,665,141,1195
2014-02-12,381,738,155,1274
2014-02-13,265,485,127,877
2014-02-14,405,697,144,1246
2014-02-15,389,759,127,1275
2014-02-16,325,594,110,1029
2014-02-17,322,606,144,1072
2014-02-18,362,698,140,1200
2014-02-19,366,678,136,1180
2014-02-20,391,784,143,1318
2014-02-21,435,794,160,1389
2014-02-22,465,883,162,1510
2014-02-23,325,740,119,1184
2014-02-24,368,675,131,1174
2014-02-25,393,742,138,1273
2014-02-26,369,688,136,1193
2014-02-27,334,720,154,1208
2014-02-28,432,768,178,1378
2014-03-01,483,996,174,1653
2014-03-02,327,687,157,1171
2014-03-03,346,584,158,1088
2014-03-04,358,701,160,1219
2014-03-05,376,839,154,1369
2014-03-06,409,711,141,1261
2014-03-07,461,860,150,1471
2014-03-08,434,885,137,1456
2014-03-09,326,696,120,1142
2014-03-10,407,675,166,1248
2014-03-11,360,776,169,1305
2014-03-12,421,795,175,1391
2014-03-13,374,724,152,1250
2014-03-14,417,868,164,1449
2014-03-15,440,1010,173,1623
2014-03-16,323,753,138,1214
2014-03-17,355,645,161,1161
2014-03-18,372,799,164,1335
2014-03-19,403,719,147,1269
2014-03-20,427,892,163,1482
2014-03-21,449,812,172,1433
2014-03-22,412,920,175,1507
2014-03-23,340,645,149,1134
2014-03-24,362,672,174,1208
2014-03-25,373,746,164,1283
2014-03-26,371,752,156,1279
2014-03-27,396,750,145,1291
2014-03-28,427,854,177,1458
2014-03-29,317,739,120,1176
2014-03-30,294,653,136,1083
2014-03-31,329,664,157,1150
2014-04-01,498,982,196,1676
2014-04-02,418,785,199,1402
2014-04-03,399,796,169,1364
2014-04-04,406,860,176,1442
2014-04-05,429,814,152,1395
2014-04-06,354,691,125,1170
2014-04-07,371,637,152,1160
2014-04-08,427,755,161,1343
2014-04-09,373,865,174,1412
2014-04-10,430,759,155,1344
2014-04-11,398,831,192,1421
2014-04-12,456,829,158,1443
2014-04-13,360,758,161,1279
2014-04-14,399,630,174,1203
2014-04-15,357,747,159,1263
2014-04-16,385,776,140,1301
2014-04-17,374,764,101,1239
2014-04-18,417,860,158,1435
2014-04-19,357,825,133,1315
2014-04-20,344,638,166,1148
2014-04-21,365,672,167,1204
2014-04-22,400,796,163,1359
2014-04-23,414,843,191,1448
2014-04-24,386,765,153,1304
2014-04-25,458,821,195,1474
2014-04-26,385,785,183,1353
2014-04-27,320,783,146,1249
2014-04-28,401,679,159,1239
2014-04-29,352,735,151,1238
2014-04-30,340,576,132,1048
2014-05-01,492,982,217,1691
2014-05-02,493,908,176,1577
2014-05-03,407,875,169,1451
2014-05-04,342,791,169,1302
2014-05-05,407,744,184,1335
2014-05-06,423,838,206,1467
2014-05-07,411,875,191,1477
2014-05-08,398,758,166,1322
2014-05-09,466,868,170,1504
2014-05-10,471,832,170,1473
2014-05-11,361,734,182,1277
2014-05-12,421,760,196,1377
2014-05-13,398,792,196,1386
2014-05-14,440,860,203,1503
2014-05-15,409,895,189,1493
2014-05-16,452,902,194,1548
2014-05-17,415,865,159,1439
2014-05-18,370,762,155,1287
2014-05-19,410,731,217,1358
2014-05-20,398,868,211,1477
2014-05-21,481,858,195,1534
2014-05-22,412,785,188,1385
2014-05-23,453,847,190,1490
2014-05-24,402,762,180,1344
2014-05-25,377,752,155,1284
2014-05-26,404,697,185,1286
2014-05-27,424,789,228,1441
2014-05-28,426,828,254,1508
2014-05-29,416,781,223,1420
2014-05-30,462,845,226,1533
2014-05-31,410,804,187,1401
2014-06-01,456,909,234,1599
2014-06-02,456,754,213,1423
2014-06-03,438,732,209,1379
2014-06-04,418,814,243,1475
2014-06-05,380,765,188,1333
2014-06-06,476,828,227,1531
2014-06-07,399,752,193,1344
2014-06-08,401,710,184,1295
2014-06-09,427,678,197,1302
2014-06-10,444,851,183,1478
2014-06-11,459,867,184,1510
2014-06-12,451,853,219,1523
2014-06-13,437,801,186,1424
2014-06-14,457,901,206,1564
2014-06-15,400,738,241,1379
2014-06-16,433,802,210,1445
2014-06-17,476,753,197,1426
2014-06-18,460,824,213,1497
2014-06-19,444,753,215,1412
2014-06-20,467,892,229,1588
2014-06-21,423,866,203,1492
2014-06-22,374,800,170,1344
2014-06-23,399,694,190,1283
2014-06-24,399,787,211,1397
2014-06-25,459,807,228,1494
2014-06-26,438,751,224,1413
2014-06-27,483,808,200,1491
2014-06-28,433,803,198,1434
2014-06-29,398,685,191,1274
2014-06-30,421,696,189,1306
2014-07-01,533,945,242,1720
2014-07-02,455,774,196,1425
2014-07-03,471,785,225,1481
2014-07-04,419,838,181,1438
2014-07-05,441,906,201,1548
2014-07-06,437,727,190,1354
2014-07-07,476,715,214,1405
2014-07-08,433,777,225,1435
2014-07-09,433,802,195,1430
2014-07-10,482,841,228,1551
2014-07-11,461,778,189,1428
2014-07-12,460,799,194,1453
2014-07-13,429,723,198,1350
2014-07-14,463,699,225,1387
2014-07-15,430,734,207,1371
2014-07-16,439,819,191,1449
2014-07-17,445,734,193,1372
2014-07-18,456,797,183,1436
2014-07-19,463,900,179,1542
2014-07-20,460,807,194,1461
2014-07-21,412,753,201,1366
2014-07-22,454,764,205,1423
2014-07-23,420,799,206,1425
2014-07-24,431,834,189,1454
2014-07-25,487,829,207,1523
2014-07-26,427,831,210,1468
2014-07-27,427,819,178,1424
2014-07-28,420,767,214,1401
2014-07-29,433,796,206,1435
2014-07-30,434,769,225,1428
2014-07-31,455,812,215,1482
2014-08-01,554,1027,230,1811
2014-08-02,424,828,191,1443
2014-08-03,402,777,184,1363
2014-08-04,431,769,204,1404
2014-08-05,430,826,178,1434
2014-08-06,428,828,163,1419
2014-08-07,436,794,188,1418
2014-08-08,457,910,167,1534
2014-08-09,445,876,156,1477
2014-08-10,430,868,176,1474
2014-08-11,426,763,205,1394
2014-08-12,411,789,185,1385
2014-08-13,393,794,197,1384
2014-08-14,439,944,169,1552
2014-08-15,523,876,167,1566
2014-08-16,472,843,188,1503
2014-08-17,430,794,188,1412
2014-08-18,413,718,178,1309
2014-08-19,430,823,171,1424
2014-08-20,450,860,197,1507
2014-08-21,454,829,166,1449
2014-08-22,448,760,161,1369
2014-08-23,469,865,154,1488
2014-08-24,405,794,180,1379
2014-08-25,388,756,165,1309
2014-08-26,437,795,172,1404
2014-08-27,450,808,179,1437
2014-08-28,474,833,181,1488
2014-08-29,510,801,177,1488
2014-08-30,456,872,169,1497
2014-08-31,426,705,153,1284
2014-09-01,502,950,201,1653
2014-09-02,441,823,211,1475
2014-09-03,465,819,182,1466
2014-09-04,441,806,203,1450
2014-09-05,489,865,221,1575
2014-09-06,452,847,173,1472
2014-09-07,406,751,190,1347
2014-09-08,425,695,211,1331
2014-09-09,406,743,185,1334
2014-09-10,444,823,177,1444
2014-09-11,429,842,199,1470
2014-09-12,447,880,180,1507
2014-09-13,417,768,160,1345
2014-09-14,375,745,190,1310
2014-09-15,425,791,193,1409
2014-09-16,440,780,180,1400
2014-09-17,450,838,169,1457
2014-09-18,445,844,197,1486
2014-09-19,455,923,187,1565
2014-09-20,492,918,220,1630
2014-09-21,389,714,181,1284
2014-09-22,392,756,191,1339
2014-09-23,437,719,190,1346
2014-09-24,439,807,203,1449
2014-09-25,410,691,129,1230
2014-09-26,439,821,163,1423
2014-09-27,473,835,155,1463
2014-09-28,384,771,198,1353
2014-09-29,392,756,214,1362
2014-09-30,425,736,191,1352
2014-10-01,523,954,212,1689
2014-10-02,447,799,181,1427
2014-10-03,479,804,185,1468
2014-10-04,465,789,167,1421
2014-10-05,367,767,173,1307
2014-10-06,399,755,169,1323
2014-10-07,433,755,205,1393
2014-10-08,417,825,187,1429
2014-10-09,440,827,195,1462
2014-10-10,494,821,194,1509
2014-10-11,407,758,148,1313
2014-10-12,405,733,168,1306
2014-10-13,349,682,157,1188
2014-10-14,521,842,195,1558
2014-10-15,485,864,216,1565
2014-10-16,442,797,174,1413
2014-10-17,539,932,203,1674
2014-10-18,471,930,173,1574
2014-10-19,389,745,148,1282
2014-10-20,444,735,198,1377
2014-10-21,454,741,184,1379
2014-10-22,408,736,145,1289
2014-10-23,404,678,144,1226
2014-10-24,480,867,198,1545
2014-10-25,467,891,191,1549
2014-10-26,386,761,167,1314
2014-10-27,449,703,187,1339
2014-10-28,419,805,201,1425
2014-10-29,431,717,210,1358
2014-10-30,434,709,192,1335
2014-10-31,528,798,188,1514
2014-11-01,490,807,166,1463
2014-11-02,346,646,165,1157
2014-11-03,414,692,153,1259
2014-11-04,429,743,162,1334
2014-11-05,448,764,180,1392
2014-11-06,417,675,156,1248
2014-11-07,485,800,156,1441
2014-11-08,431,804,165,1400
2014-11-09,363,691,174,1228
2014-11-10,413,742,186,1341
2014-11-11,396,734,178,1308
2014-11-12,423,781,175,1379
2014-11-13,376,689,170,1235
2014-11-14,419,735,155,1309
2014-11-15,388,755,140,1283
2014-11-16,370,662,141,1173
2014-11-17,365,579,136,1080
2014-11-18,375,667,160,1202
2014-11-19,407,620,149,1176
2014-11-20,440,729,156,1325
2014-11-21,429,763,184,1376
2014-11-22,405,812,116,1333
2014-11-23,358,680,158,1196
2014-11-24,460,655,175,1290
2014-11-25,408,701,134,1243
2014-11-26,381,607,148,1136
2014-11-27,263,445,113,821
2014-11-28,414,744,130,1288
2014-11-29,341,693,120,1154
2014-11-30,381,657,173,1211
2014-12-01,450,755,188,1393
2014-12-02,361,663,177,1201
2014-12-03,379,623,181,1183
2014-12-04,376,610,153,1139
2014-12-05,390,669,178,1237
2014-12-06,376,648,147,1171
2014-12-07,320,595,139,1054
2014-12-08,356,553,143,1052
2014-12-09,359,553,138,1050
2014-12-10,369,659,157,1185
2014-12-11,395,694,170,1259
2014-12-12,440,736,181,1357
2014-12-13,411,774,126,1311
2014-12-14,389,648,149,1186
2014-12-15,404,645,163,1212
2014-12-16,386,660,151,1197
2014-12-17,445,714,156,1315
2014-12-18,427,664,160,1251
2014-12-19,424,703,159,1286
2014-12-20,440,655,125,1220
2014-12-21,367,491,132,990
2014-12-22,392,485,155,1032
2014-12-23,404,551,134,1089
2014-12-24,350,476,121,947
2014-12-25,270,449,123,842
2014-12-26,320,505,148,973
2014-12-27,359,504,142,1005
2014-12-28,304,479,143,926
2014-12-29,349,472,139,960
2014-12-30,342,496,145,983
2014-12-31,325,467,133,925
2015-01-01,530,1076,164,1770
2015-01-02,373,519,136,1028
2015-01-03,358,499,143,1000
2015-01-04,289,478,110,877
2015-01-05,346,550,147,1043
2015-01-06,326,503,115,944
2015-01-07,319,498,141,958
2015-01-08,319,527,147,993
2015-01-09,365,619,139,1123
2015-01-10,325,608,123,1056
2015-01-11,357,519,135,1011
2015-01-12,365,518,165,1048
2015-01-13,353,691,155,1199
2015-01-14,398,655,160,1213
2015-01-15,451,736,154,1341
2015-01-16,424,719,156,1299
2015-01-17,394,724,151,1269
2015-01-18,286,560,127,973
2015-01-19,366,580,140,1086
2015-01-20,409,686,157,1252
2015-01-21,377,668,164,1209
2015-01-22,419,698,144,1261
2015-01-23,422,747,164,1333
2015-01-24,354,606,115,1075
2015-01-25,355,615,128,1098
2015-01-26,339,450,129,918
2015-01-27,249,429,125,803
2015-01-28,345,576,134,1055
2015-01-29,352,552,146,1050
2015-01-30,376,622,139,1137
2015-01-31,315,612,109,1036
2015-02-01,374,772,148,1294
2015-02-02,282,465,133,880
2015-02-03,318,506,123,947
2015-02-04,336,708,158,1202
2015-02-05,390,586,149,1125
2015-02-06,392,661,156,1209
2015-02-07,338,671,151,1160
2015-02-08,307,581,135,1023
2015-02-09,316,524,145,985
2015-02-10,345,643,142,1130
2015-02-11,368,667,137,1172
2015-02-12,376,655,148,1179
2015-02-13,375,628,146,1149
2015-02-14,389,667,139,1195
2015-02-15,304,615,141,1060
2015-02-16,274,539,146,959
2015-02-17,333,583,115,1031
2015-02-18,375,660,158,1193
2015-02-19,328,561,138,1027
2015-02-20,371,644,129,1144
2015-02-21,333,631,153,1117
2015-02-22,302,556,131,989
2015-02-23,316,534,131,981
2015-02-24,307,575,134,1016
2015-02-25,416,621,154,1191
2015-02-26,369,636,162,1167
2015-02-27,383,717,148,1248
2015-02-28,358,671,137,1166
2015-03-01,366,789,154,1309
2015-03-02,344,589,181,1114
2015-03-03,359,616,146,1121
2015-03-04,376,619,178,1173
2015-03-05,318,594,146,1058
2015-03-06,367,696,151,1214
2015-03-07,353,739,135,1227
2015-03-08,341,594,152,1087
2015-03-09,383,711,198,1292
2015-03-10,385,722,191,1298
2015-03-11,405,718,150,1273
2015-03-12,378,733,163,1274
2015-03-13,388,776,166,1330
2015-03-14,405,718,148,1271
2015-03-15,344,776,166,1286
2015-03-16,357,653,193,1203
2015-03-17,388,758,162,1308
2015-03-18,355,770,153,1278
2015-03-19,395,673,151,1219
2015-03-20,358,703,133,1194
2015-03-21,358,770,125,1253
2015-03-22,305,705,117,1127
2015-03-23,321,662,154,1137
2015-03-24,348,667,150,1165
2015-03-25,365,704,178,1247
2015-03-26,353,685,168,1206
2015-03-27,418,749,142,1309
2015-03-28,403,681,132,1216
2015-03-29,330,656,134,1120
2015-03-30,344,650,170,1164
2015-03-31,401,616,154,1171
2015-04-01,475,1133,183,1791
2015-04-02,396,824,170,1390
2015-04-03,437,755,170,1362
2015-04-04,382,793,142,1317
2015-04-05,283,584,145,1012
2015-04-06,386,672,135,1193
2015-04-07,354,684,155,1193
2015-04-08,333,767,146,1246
2015-04-09,375,665,151,1191
2015-04-10,383,749,163,1295
2015-04-11,382,722,121,1225
2015-04-12,375,685,150,1210
2015-04-13,385,664,173,1222
2015-04-14,395,794,171,1360
2015-04-15,454,808,186,1448
2015-04-16,399,753,192,1344
2015-04-17,415,796,194,1405
2015-04-18,424,887,152,1463
2015-04-19,350,717,152,1219
2015-04-20,354,636,161,1151
2015-04-21,398,731,197,1326
2015-04-22,406,788,163,1357
2015-04-23,388,701,169,1258
2015-04-24,413,775,184,1372
2015-04-25,401,777,142,1320
2015-04-26,343,719,194,1256
2015-04-27,393,665,184,1242
2015-04-28,400,718,163,1281
2015-04-29,439,725,195,1359
2015-04-30,430,751,190,1371
2015-05-01,513,1099,205,1817
2015-05-02,348,675,154,1177
2015-05-03,368,708,193,1269
2015-05-04,397,651,162,1210
2015-05-05,406,797,187,1390
2015-05-06,393,741,205,1339
2015-05-07,412,763,184,1359
2015-05-08,442,731,197,1370
2015-05-09,425,723,180,1328
2015-05-10,407,730,181,1318
2015-05-11,383,728,188,1299
2015-05-12,425,767,215,1407
2015-05-13,421,839,199,1459
2015-05-14,418,779,182,1379
2015-05-15,455,929,227,1611
2015-05-16,376,797,156,1329
2015-05-17,346,761,176,1283
2015-05-18,426,748,191,1365
2015-05-19,367,767,168,1302
2015-05-20,421,845,203,1469
2015-05-21,407,724,182,1313
2015-05-22,456,845,209,1510
2015-05-23,424,768,146,1338
2015-05-24,365,726,160,1251
2015-05-25,330,730,177,1237
2015-05-26,432,775,187,1394
2015-05-27,433,753,184,1370
2015-05-28,437,758,172,1367
2015-05-29,467,786,194,1447
2015-05-30,425,872,194,1491
2015-05-31,343,685,175,1203
2015-06-01,438,808,218,1464
2015-06-02,372,682,183,1237
2015-06-03,402,745,170,1317
2015-06-04,423,742,145,1310
2015-06-05,459,809,180,1448
2015-06-06,397,833,150,1380
2015-06-07,329,763,150,1242
2015-06-08,394,729,190,1313
2015-06-09,411,738,198,1347
2015-06-10,429,789,210,1428
2015-06-11,391,812,186,1389
2015-06-12,408,884,203,1495
2015-06-13,405,769,180,1354
2015-06-14,349,780,181,1310
2015-06-15,391,759,204,1354
2015-06-16,407,804,195,1406
2015-06-17,420,783,205,1408
2015-06-18,442,757,220,1419
2015-06-19,462,827,196,1485
2015-06-20,398,836,160,1394
2015-06-21,401,721,192,1314
2015-06-22,425,783,224,1432
2015-06-23,419,767,176,1362
2015-06-24,419,755,202,1376
2015-06-25,404,896,227,1527
2015-06-26,434,850,179,1463
2015-06-27,418,762,152,1332
2015-06-28,353,675,157,1185
2015-06-29,392,677,174,1243
2015-06-30,408,761,168,1337
2015-07-01,475,1033,189,1697
2015-07-02,423,783,178,1384
2015-07-03,488,843,187,1518
2015-07-04,391,783,181,1355
2015-07-05,386,766,213,1365
2015-07-06,382,765,163,1310
2015-07-07,446,811,182,1439
2015-07-08,420,789,172,1381
2015-07-09,448,728,177,1353
2015-07-10,395,789,183,1367
2015-07-11,443,822,170,1435
2015-07-12,438,770,175,1383
2015-07-13,425,686,220,1331
2015-07-14,380,730,170,1280
2015-07-15,472,853,213,1538
2015-07-16,432,797,199,1428
2015-07-17,468,786,177,1431
2015-07-18,426,784,188,1398
2015-07-19,396,692,159,1247
2015-07-20,424,765,216,1405
2015-07-21,441,785,198,1424
2015-07-22,467,809,210,1486
2015-07-23,465,826,230,1521
2015-07-24,473,828,192,1493
2015-07-25,454,863,210,1527
2015-07-26,458,762,207,1427
2015-07-27,401,721,193,1315
2015-07-28,420,748,175,1343
2015-07-29,489,781,208,1478
2015-07-30,436,764,178,1378
2015-07-31,473,798,199,1470
2015-08-01,511,964,183,1658
2015-08-02,440,747,175,1362
2015-08-03,436,765,195,1396
2015-08-04,438,805,209,1452
2015-08-05,485,844,215,1544
2015-08-06,452,798,197,1447
2015-08-07,484,838,196,1518
2015-08-08,467,815,166,1448
2015-08-09,381,756,184,1321
2015-08-10,417,750,191,1358
2015-08-11,407,694,175,1276
2015-08-12,487,849,168,1504
2015-08-13,488,817,203,1508
2015-08-14,509,852,201,1562
2015-08-15,444,859,212,1515
2015-08-16,392,790,171,1353
2015-08-17,389,704,214,1307
2015-08-18,437,777,189,1403
2015-08-19,465,800,212,1477
2015-08-20,441,878,196,1515
2015-08-21,483,826,188,1497
2015-08-22,477,815,181,1473
2015-08-23,429,730,188,1347
2015-08-24,444,717,204,1365
2015-08-25,473,746,187,1406
2015-08-26,488,772,174,1434
2015-08-27,425,740,193,1358
2015-08-28,493,806,191,1490
2015-08-29,418,837,173,1428
2015-08-30,425,722,165,1312
2015-08-31,383,682,193,1258
2015-09-01,495,903,228,1626
2015-09-02,416,794,200,1410
2015-09-03,460,777,183,1420
2015-09-04,517,802,189,1508
2015-09-05,462,811,171,1444
2015-09-06,391,746,186,1323
2015-09-07,390,680,153,1223
2015-09-08,410,708,171,1289
2015-09-09,431,791,215,1437
2015-09-10,427,663,187,1277
2015-09-11,488,791,204,1483
2015-09-12,452,779,195,1426
2015-09-13,410,664,164,1238
2015-09-14,382,681,194,1257
2015-09-15,433,787,189,1409
2015-09-16,443,733,200,1376
2015-09-17,410,759,202,1371
2015-09-18,482,868,213,1563
2015-09-19,510,809,182,1501
2015-09-20,443,720,195,1358
2015-09-21,425,663,192,1280
2015-09-22,479,802,189,1470
2015-09-23,439,744,186,1369
2015-09-24,378,660,179,1217
2015-09-25,438,717,179,1334
2015-09-26,396,734,175,1305
2015-09-27,358,694,175,1227
2015-09-28,441,663,175,1279
2015-09-29,404,679,197,1280
2015-09-30,421,732,190,1343
2015-10-01,518,770,164,1452
2015-10-02,410,614,146,1170
2015-10-03,368,642,159,1169
2015-10-04,418,706,176,1300
2015-10-05,421,699,208,1328
2015-10-06,458,760,182,1400
2015-10-07,411,746,169,1326
2015-10-08,435,736,170,1341
2015-10-09,474,795,183,1452
2015-10-10,455,703,162,1320
2015-10-11,427,701,181,1309
2015-10-12,386,643,158,1187
2015-10-13,438,688,211,1337
2015-10-14,441,744,179,1364
2015-10-15,454,807,197,1458
2015-10-16,453,829,202,1484
2015-10-17,405,678,145,1228
2015-10-18,369,593,141,1103
2015-10-19,394,622,167,1183
2015-10-20,443,748,178,1369
2015-10-21,448,747,198,1393
2015-10-22,476,723,184,1383
2015-10-23,447,733,183,1363
2015-10-24,362,738,168,1268
2015-10-25,385,678,165,1228
2015-10-26,377,641,164,1182
2015-10-27,382,617,203,1202
2015-10-28,366,550,168,1084
2015-10-29,413,738,180,1331
2015-10-30,466,750,170,1386
2015-10-31,510,774,166,1450
2015-11-01,441,827,194,1462
2015-11-02,400,597,173,1170
2015-11-03,399,683,156,1238
2015-11-04,446,773,190,1409
2015-11-05,457,699,175,1331
2015-11-06,466,715,210,1391
2015-11-07,438,745,171,1354
2015-11-08,365,608,148,1121
2015-11-09,400,656,156,1212
2015-11-10,417,629,176,1222
2015-11-11,377,688,172,1237
2015-11-12,432,711,178,1321
2015-11-13,446,730,185,1361
2015-11-14,381,653,152,1186
2015-11-15,360,670,168,1198
2015-11-16,410,614,196,1220
2015-11-17,422,686,179,1287
2015-11-18,390,695,175,1260
2015-11-19,392,674,180,1246
2015-11-20,451,771,189,1411
2015-11-21,410,720,156,1286
2015-11-22,377,633,154,1164
2015-11-23,355,590,165,1110
2015-11-24,406,658,142,1206
2015-11-25,423,677,165,1265
2015-11-26,310,476,134,920
2015-11-27,410,690,143,1243
2015-11-28,399,674,147,1220
2015-11-29,340,589,142,1071
2015-11-30,370,583,144,1097
2015-12-01,388,662,152,1202
2015-12-02,410,674,163,1247
2015-12-03,370,637,182,1189
2015-12-04,440,730,184,1354
2015-12-05,389,738,177,1304
2015-12-06,364,621,158,1143
2015-12-07,366,608,181,1155
2015-12-08,389,639,160,1188
2015-12-09,365,649,169,1183
2015-12-10,398,716,177,1291
2015-12-11,469,792,194,1455
2015-12-12,495,759,156,1410
2015-12-13,381,652,174,1207
2015-12-14,377,643,155,1175
2015-12-15,389,670,173,1232
2015-12-16,376,627,166,1169
2015-12-17,336,623,176,1135
2015-12-18,471,647,155,1273
2015-12-19,397,635,148,1180
2015-12-20,354,571,146,1071
2015-12-21,330,580,159,1069
2015-12-22,373,666,138,1177
2015-12-23,325,605,138,1068
2015-12-24,349,547,151,1047
2015-12-25,292,446,144,882
2015-12-26,335,587,137,1059
2015-12-27,319,557,144,1020
2015-12-28,311,559,146,1016
2015-12-29,301,544,136,981
2015-12-30,323,526,119,968
2015-12-31,225,360,108,693
